#
# This file is create by LigBuilder/Cavity.
# It stores the parameters for the pocket atoms.
# Creation time: Tue Apr  7 19:56:53 2026
#
# 1st column: ID of the atom
# 2nd column: ID of the atom in the original PDB file
# 3rd column: atom type
# 4th column: X coordinate
# 5th column: Y coordinate
# 6th column: Z coordinate
# 7th column: vdw radius
# 8th column: atomic hydrophobic scale
# 9th column: H-bond character
# 10th column: H-bond root X coordinate
# 11th column: H-bond root Y coordinate
# 12th column: H-bond root Z coordinate
#
<Start>
<Atom_number> 192
  1   987   O.2   25.22    1.04   42.47  1.66  -0.40  -0.5679   P   24.46    1.61   42.16    0.39    0.02   -0.92 2 0 1 0 2   -1   -1   -1
  2  1004   C.3   25.03   -1.78   42.11  1.94  -0.31  -0.0389   N    0.00    0.00    0.00    0.00    0.00    0.00 0 0 0 0 0   -1   -1   -1
  3  1005   C.2   23.82   -2.10   42.95  1.90  -0.03   0.5973   N    0.00    0.00    0.00    0.00    0.00    0.00 0 0 0 0 0   -1   -1   -1
  4  1006   O.2   22.96   -2.77   42.46  1.66  -0.40  -0.5679   P   22.24   -3.33   42.05    0.44   -0.83    0.35 2 0 2 0 2   -1   -1   -1
  5  1007   C.3   25.49   -3.05   41.41  1.94  -0.20   0.3654   N    0.00    0.00    0.00    0.00    0.00    0.00 0 0 0 0 0   -1   -1   -1
  6  1017  N.am   23.65   -1.66   44.20  1.83  -0.10  -0.4157   P   24.46   -1.45   44.74    0.00    0.00    0.00 0 1 0 1 1   -1   -1   -1
  7  1018   C.3   22.35   -1.47   44.81  1.94  -0.31  -0.0518   N    0.00    0.00    0.00    0.00    0.00    0.00 0 0 0 0 0   -1   -1   -1
  8  1019   C.2   21.61   -0.20   44.34  1.90  -0.03   0.5973   N    0.00    0.00    0.00    0.00    0.00    0.00 0 0 0 0 0   -1   -1   -1
  9  1020   O.2   20.43    0.00   44.67  1.66  -0.40  -0.5679   P   19.48    0.16   44.94    0.31    0.57    0.76 2 0 2 0 2   -1   -1   -1
 10  1021   C.3   22.51   -1.42   46.34  1.94   0.36  -0.1102   N    0.00    0.00    0.00    0.00    0.00    0.00 0 0 0 0 0   -1   -1   -1
 11  1022   C.3   23.43   -2.53   46.99  1.94   0.13   0.3531   N    0.00    0.00    0.00    0.00    0.00    0.00 0 0 0 0 0   -1   -1   -1
 12  1023   C.3   23.52   -2.39   48.50  1.94   0.53  -0.4121   N    0.00    0.00    0.00    0.00    0.00    0.00 0 0 0 0 0   -1   -1   -1
 13  1024   C.3   22.96   -3.98   46.70  1.94   0.53  -0.4121   N    0.00    0.00    0.00    0.00    0.00    0.00 0 0 0 0 0   -1   -1   -1
 14  1036  N.am   22.27    0.59   43.48  1.83  -0.10  -0.4157   P   23.26    0.53   43.40    0.00    0.00    0.00 0 1 0 1 1   -1   -1   -1
 15  1037   C.3   21.52    1.55   42.66  1.94  -0.31  -0.0024   N    0.00    0.00    0.00    0.00    0.00    0.00 0 0 0 0 0   -1   -1   -1
 16  1038   C.2   21.78    1.30   41.12  1.90  -0.03   0.5973   N    0.00    0.00    0.00    0.00    0.00    0.00 0 0 0 0 0   -1   -1   -1
 17  1039   O.2   20.84    1.14   40.37  1.66  -0.40  -0.5679   P   20.07    1.01   39.75   -0.11    0.99   -0.08 2 0 2 0 2   -1   -1   -1
 18  1040   C.3   21.78    3.01   43.20  1.94  -0.01  -0.0343   N    0.00    0.00    0.00    0.00    0.00    0.00 0 0 0 0 0   -1   -1   -1
 19  1041  C.ar   21.22    4.08   42.24  1.85   0.30   0.0118   N    0.00    0.00    0.00    0.00    0.00    0.00 0 0 0 0 0   -1   -1   -1
 20  1042  C.ar   22.13    4.96   41.65  1.85   0.34  -0.1256   N    0.00    0.00    0.00    0.00    0.00    0.00 0 0 0 0 0   -1   -1   -1
 21  1043  C.ar   19.86    4.13   41.93  1.85   0.34  -0.1256   N    0.00    0.00    0.00    0.00    0.00    0.00 0 0 0 0 0   -1   -1   -1
 22  1044  C.ar   21.68    5.93   40.78  1.85   0.34  -0.1704   N    0.00    0.00    0.00    0.00    0.00    0.00 0 0 0 0 0   -1   -1   -1
 23  1045  C.ar   19.44    5.07   41.02  1.85   0.34  -0.1704   N    0.00    0.00    0.00    0.00    0.00    0.00 0 0 0 0 0   -1   -1   -1
 24  1046  C.ar   20.36    5.92   40.35  1.85   0.34  -0.1072   N    0.00    0.00    0.00    0.00    0.00    0.00 0 0 0 0 0   -1   -1   -1
 25  1056  N.am   23.02    1.40   40.66  1.83  -0.10  -0.4157   P   23.76    1.52   41.32    0.00    0.00    0.00 0 1 0 0 1   -1   -1   -1
 26  1057   C.3   23.36    1.35   39.24  1.94  -0.31   0.0188   N    0.00    0.00    0.00    0.00    0.00    0.00 0 0 0 0 0   -1   -1   -1
 27  1058   C.2   23.22   -0.03   38.58  1.90  -0.03   0.5973   N    0.00    0.00    0.00    0.00    0.00    0.00 0 0 0 0 0   -1   -1   -1
 28  1059   O.2   23.06   -1.12   39.18  1.66  -0.40  -0.5679   P   22.93   -1.99   39.66   -0.98    0.19    0.09 2 0 2 0 2   -1   -1   -1
 29  1060   C.3   24.80    1.91   39.02  1.94  -0.01  -0.0462   N    0.00    0.00    0.00    0.00    0.00    0.00 0 0 0 0 0   -1   -1   -1
 30  1073  N.am   23.12    0.05   37.26  1.83  -0.10  -0.5163   P   23.02    0.97   36.87    0.00    0.00    0.00 0 1 0 0 1   -1   -1   -1
 31  1074   C.3   23.14   -1.10   36.29  1.94  -0.31   0.0381   N    0.00    0.00    0.00    0.00    0.00    0.00 0 0 0 0 0   -1   -1   -1
 32  1077   C.3   22.50   -0.52   35.01  1.94   0.01  -0.0303   N    0.00    0.00    0.00    0.00    0.00    0.00 0 0 0 0 0   -1   -1   -1
 33  1078   C.2   22.07   -1.63   34.03  1.90  -0.03   0.7994   N    0.00    0.00    0.00    0.00    0.00    0.00 0 0 0 0 0   -1   -1   -1
 34  1079 O.co2   21.52   -1.33   32.94  1.66  -0.88  -0.8014   P   21.08   -1.09   32.07    0.88   -0.06   -0.46 2 0 2 0 2   -1   -1   -1
 35  1080 O.co2   22.18   -2.84   34.39  1.66  -0.88  -0.8014   P   22.27   -3.79   34.67   -0.88    0.06    0.46 2 0 2 0 2   -1   -1   -1
 36  2214   C.2   21.72    9.77   38.14  1.90  -0.03   0.5973   N    0.00    0.00    0.00    0.00    0.00    0.00 0 0 0 0 0   -1   -1   -1
 37  2215   O.2   20.74   10.05   38.90  1.66  -0.40  -0.5679   P   19.97   10.27   39.50   -0.45    0.48   -0.76 2 0 1 0 2   -1   -1   -1
 38  2222  N.am   21.78    8.62   37.38  1.83  -0.10  -0.3479   P   22.65    8.34   36.98    0.00    0.00    0.00 0 1 0 0 1   -1   -1   -1
 39  2223   C.3   20.55    7.79   37.15  1.94  -0.31  -0.2400   N    0.00    0.00    0.00    0.00    0.00    0.00 0 0 0 0 0   -1   -1   -1
 40  2224   C.2   21.03    6.30   36.92  1.90  -0.03   0.7341   N    0.00    0.00    0.00    0.00    0.00    0.00 0 0 0 0 0   -1   -1   -1
 41  2225   O.2   22.21    6.14   36.67  1.66  -0.40  -0.5894   P   23.18    6.01   36.46    0.17   -0.22    0.96 2 0 2 0 2   -1   -1   -1
 42  2226   C.3   19.79    8.28   35.83  1.94   0.36  -0.0094   N    0.00    0.00    0.00    0.00    0.00    0.00 0 0 0 0 0   -1   -1   -1
 43  2227   C.3   18.97    9.54   36.20  1.94   0.36   0.0187   N    0.00    0.00    0.00    0.00    0.00    0.00 0 0 0 0 0   -1   -1   -1
 44  2228   C.3   17.72    9.76   35.19  1.94   0.36  -0.0479   N    0.00    0.00    0.00    0.00    0.00    0.00 0 0 0 0 0   -1   -1   -1
 45  2229   C.3   18.34    9.77   33.73  1.94  -0.14  -0.0143   N    0.00    0.00    0.00    0.00    0.00    0.00 0 0 0 0 0   -1   -1   -1
 46  2230   N.4   19.14   10.86   33.43  1.86  -2.00  -0.3854   P   19.72   11.65   33.21    0.58   -0.58   -0.58 0 3 0 2 3   -1   -1   -1
 47  2244  N.am   20.14    5.25   36.84  1.83  -0.10  -0.4157   P   19.18    5.44   36.65    0.00    0.00    0.00 0 1 0 1 1   -1   -1   -1
 48  2245   C.3   20.57    3.86   37.02  1.94  -0.31  -0.0237   N    0.00    0.00    0.00    0.00    0.00    0.00 0 0 0 0 0   -1   -1   -1
 49  2246   C.2   21.60    3.38   35.99  1.90  -0.03   0.5973   N    0.00    0.00    0.00    0.00    0.00    0.00 0 0 0 0 0   -1   -1   -1
 50  2247   O.2   22.48    2.68   36.49  1.66  -0.40  -0.5679   P   23.20    2.11   36.90   -0.46   -0.82   -0.34 2 0 1 0 2   -1   -1   -1
 51  2248   C.3   19.31    2.92   36.96  1.94   0.36   0.0342   N    0.00    0.00    0.00    0.00    0.00    0.00 0 0 0 0 0   -1   -1   -1
 52  2249   C.3   19.53    1.40   36.77  1.94   0.36   0.0018   N    0.00    0.00    0.00    0.00    0.00    0.00 0 0 0 0 0   -1   -1   -1
 53  2250   S.3   18.00    0.49   36.67  2.09   0.25  -0.2737   N    0.00    0.00    0.00    0.00    0.00    0.00 0 0 0 0 0   -1   -1   -1
 54  2251   C.3   18.53   -1.21   36.35  1.94   0.53  -0.0536   N    0.00    0.00    0.00    0.00    0.00    0.00 0 0 0 0 0   -1   -1   -1
 55  2261  N.am   21.66    3.85   34.76  1.83  -0.10  -0.4157   P   20.88    4.39   34.44    0.00    0.00    0.00 0 1 0 1 1   -1   -1   -1
 56  2262   C.3   22.74    3.66   33.83  1.94  -0.31  -0.0249   N    0.00    0.00    0.00    0.00    0.00    0.00 0 0 0 0 0   -1   -1   -1
 57  2263   C.2   23.12    4.91   32.94  1.90  -0.03   0.5973   N    0.00    0.00    0.00    0.00    0.00    0.00 0 0 0 0 0   -1   -1   -1
 58  2264   O.2   23.50    4.81   31.75  1.66  -0.40  -0.5679   P   23.80    4.73   30.80   -0.95   -0.00   -0.30 2 0 1 0 2   -1   -1   -1
 59  2265   C.3   22.49    2.48   32.89  1.94  -0.14   0.2117   N    0.00    0.00    0.00    0.00    0.00    0.00 0 0 0 0 0   -1   -1   -1
 60  2266   O.3   21.51    2.88   31.95  1.74  -0.47  -0.6546   P   20.82    3.16   31.29    0.71    0.07   -0.71 2 1 2 0 3   -1   -1   -1
 61  2272  N.am   22.93    6.08   33.52  1.83  -0.10  -0.5163   P   22.70    6.11   34.49    0.00    0.00    0.00 0 1 0 1 1   -1   -1   -1
 62  2273   C.3   23.05    7.37   32.76  1.94  -0.31   0.0397   N    0.00    0.00    0.00    0.00    0.00    0.00 0 0 0 0 0   -1   -1   -1
 63  2274   C.2   23.77    8.45   33.60  1.90  -0.03   0.5366   N    0.00    0.00    0.00    0.00    0.00    0.00 0 0 0 0 0   -1   -1   -1
 64  2275   O.2   23.29    8.77   34.68  1.66  -0.40  -0.5819   P   22.90    9.03   35.56    0.61   -0.64    0.46 2 0 1 0 2   -1   -1   -1
 65  2276   C.3   21.66    7.75   32.15  1.94   0.36   0.0560   N    0.00    0.00    0.00    0.00    0.00    0.00 0 0 0 0 0   -1   -1   -1
 66  2277   C.3   21.92    8.84   31.05  1.94  -0.01   0.0136   N    0.00    0.00    0.00    0.00    0.00    0.00 0 0 0 0 0   -1   -1   -1
 67  2278   C.2   20.72    9.49   30.39  1.90  -0.03   0.8054   N    0.00    0.00    0.00    0.00    0.00    0.00 0 0 0 0 0   -1   -1   -1
 68  2279 O.co2   19.89   10.14   31.12  1.66  -0.88  -0.8188   P   19.24   10.65   31.69    0.44    0.86   -0.27 2 0 1 0 2   -1   -1   -1
 69  2280 O.co2   20.51    9.23   29.20  1.66  -0.88  -0.8188   P   20.34    9.02   28.24   -0.44   -0.86    0.27 2 0 2 0 2   -1   -1   -1
 70  2287  N.am   24.81    9.02   33.01  1.83  -0.10  -0.4157   P   25.21    8.54   32.23    0.00    0.00    0.00 0 1 0 0 1   -1   -1   -1
 71  2432   C.3   20.42    8.09   46.38  1.94  -0.31  -0.0875   N    0.00    0.00    0.00    0.00    0.00    0.00 0 0 0 0 0   -1   -1   -1
 72  2433   C.2   20.98    6.90   47.10  1.90  -0.03   0.5973   N    0.00    0.00    0.00    0.00    0.00    0.00 0 0 0 0 0   -1   -1   -1
 73  2434   O.2   20.25    6.22   47.87  1.66  -0.40  -0.5679   P   19.67    5.68   48.48   -0.17   -0.65   -0.74 2 0 1 0 2   -1   -1   -1
 74  2435   C.3   20.05    7.62   44.93  1.94   0.13   0.2985   N    0.00    0.00    0.00    0.00    0.00    0.00 0 0 0 0 0   -1   -1   -1
 75  2436   C.3   19.13    6.40   44.86  1.94   0.53  -0.3192   N    0.00    0.00    0.00    0.00    0.00    0.00 0 0 0 0 0   -1   -1   -1
 76  2437   C.3   19.25    8.72   44.14  1.94   0.53  -0.3192   N    0.00    0.00    0.00    0.00    0.00    0.00 0 0 0 0 0   -1   -1   -1
 77  2447  N.am   22.27    6.66   47.01  1.83  -0.10  -0.4157   P   22.81    7.23   46.39    0.00    0.00    0.00 0 1 0 0 1   -1   -1   -1
 78  2452   C.3   24.18    4.18   45.93  1.94   0.13   0.3531   N    0.00    0.00    0.00    0.00    0.00    0.00 0 0 0 0 0   -1   -1   -1
 79  2454   C.3   23.89    2.79   46.38  1.94   0.53  -0.4121   N    0.00    0.00    0.00    0.00    0.00    0.00 0 0 0 0 0   -1   -1   -1
 80  2475   C.2   19.09    5.73   51.23  1.90  -0.03   0.5973   N    0.00    0.00    0.00    0.00    0.00    0.00 0 0 0 0 0   -1   -1   -1
 81  2476   O.2   18.48    5.27   52.21  1.66  -0.40  -0.5679   P   17.99    4.90   53.00   -0.86    0.09   -0.50 2 0 1 0 2   -1   -1   -1
 82  2479   C.3   16.85    7.66   50.38  1.94   0.53  -0.3204   N    0.00    0.00    0.00    0.00    0.00    0.00 0 0 0 0 0   -1   -1   -1
 83  2492  N.am   19.58    4.98   50.25  1.83  -0.10  -0.4157   P   19.98    5.39   49.43    0.00    0.00    0.00 0 1 0 0 1   -1   -1   -1
 84  2493   C.3   19.51    3.48   50.41  1.94  -0.31  -0.0518   N    0.00    0.00    0.00    0.00    0.00    0.00 0 0 0 0 0   -1   -1   -1
 85  2494   C.2   20.16    2.95   51.73  1.90  -0.03   0.5973   N    0.00    0.00    0.00    0.00    0.00    0.00 0 0 0 0 0   -1   -1   -1
 86  2495   O.2   19.53    2.21   52.54  1.66  -0.40  -0.5679   P   19.03    1.63   53.18    0.42   -0.81   -0.41 2 0 2 0 2   -1   -1   -1
 87  2496   C.3   20.17    2.80   49.17  1.94   0.36  -0.1102   N    0.00    0.00    0.00    0.00    0.00    0.00 0 0 0 0 0   -1   -1   -1
 88  2497   C.3   19.33    2.67   47.90  1.94   0.13   0.3531   N    0.00    0.00    0.00    0.00    0.00    0.00 0 0 0 0 0   -1   -1   -1
 89  2498   C.3   20.26    2.49   46.65  1.94   0.53  -0.4121   N    0.00    0.00    0.00    0.00    0.00    0.00 0 0 0 0 0   -1   -1   -1
 90  2499   C.3   18.20    1.59   47.86  1.94   0.53  -0.4121   N    0.00    0.00    0.00    0.00    0.00    0.00 0 0 0 0 0   -1   -1   -1
 91  2511  N.am   21.41    3.45   52.04  1.83  -0.10  -0.5163   P   21.89    4.04   51.39    0.00    0.00    0.00 0 1 0 0 1   -1   -1   -1
 92  2512   C.3   22.05    3.10   53.35  1.94  -0.31   0.0397   N    0.00    0.00    0.00    0.00    0.00    0.00 0 0 0 0 0   -1   -1   -1
 93  2513   C.2   21.09    3.44   54.54  1.90  -0.03   0.5366   N    0.00    0.00    0.00    0.00    0.00    0.00 0 0 0 0 0   -1   -1   -1
 94  2514   O.2   21.09    2.76   55.50  1.66  -0.40  -0.5819   P   21.09    2.18   56.32    0.80    0.49    0.35 2 0 1 0 2   -1   -1   -1
 95  2526  N.am   20.37    4.59   54.57  1.83  -0.10  -0.4157   P   20.46    5.25   53.82    0.00    0.00    0.00 0 1 0 0 1   -1   -1   -1
 96  2528   C.2   18.28    3.95   55.65  1.90  -0.03   0.5973   N    0.00    0.00    0.00    0.00    0.00    0.00 0 0 0 0 0   -1   -1   -1
 97  2529   O.2   17.88    3.51   56.79  1.66  -0.40  -0.5679   P   17.57    3.17   57.68   -0.56    0.82    0.12 2 0 1 0 2   -1   -1   -1
 98  2545  N.am   17.63    3.67   54.51  1.83  -0.10  -0.4157   P   17.95    4.14   53.69    0.00    0.00    0.00 0 1 0 0 1   -1   -1   -1
 99  2546   C.3   16.52    2.77   54.35  1.94  -0.31  -0.0518   N    0.00    0.00    0.00    0.00    0.00    0.00 0 0 0 0 0   -1   -1   -1
100  2547   C.2   16.82    1.27   54.76  1.90  -0.03   0.5973   N    0.00    0.00    0.00    0.00    0.00    0.00 0 0 0 0 0   -1   -1   -1
101  2548   O.2   15.89    0.57   55.12  1.66  -0.40  -0.5679   P   15.13   -0.00   55.42    0.05   -0.51   -0.86 2 0 2 0 2   -1   -1   -1
102  2549   C.3   15.99    2.86   52.95  1.94   0.36  -0.1102   N    0.00    0.00    0.00    0.00    0.00    0.00 0 0 0 0 0   -1   -1   -1
103  2550   C.3   15.23    4.16   52.49  1.94   0.13   0.3531   N    0.00    0.00    0.00    0.00    0.00    0.00 0 0 0 0 0   -1   -1   -1
104  2551   C.3   14.92    4.21   50.97  1.94   0.53  -0.4121   N    0.00    0.00    0.00    0.00    0.00    0.00 0 0 0 0 0   -1   -1   -1
105  2552   C.3   14.00    4.40   53.31  1.94   0.53  -0.4121   N    0.00    0.00    0.00    0.00    0.00    0.00 0 0 0 0 0   -1   -1   -1
106  2564  N.am   18.10    0.94   55.03  1.83  -0.10  -0.3479   P   18.80    1.63   54.84    0.00    0.00    0.00 0 1 0 1 1   -1   -1   -1
107  2565   C.3   18.55   -0.33   55.57  1.94  -0.31  -0.2400   N    0.00    0.00    0.00    0.00    0.00    0.00 0 0 0 0 0   -1   -1   -1
108  2566   C.2   18.20   -0.50   57.09  1.90  -0.03   0.7341   N    0.00    0.00    0.00    0.00    0.00    0.00 0 0 0 0 0   -1   -1   -1
109  2568   C.3   20.08   -0.49   55.43  1.94   0.36  -0.0094   N    0.00    0.00    0.00    0.00    0.00    0.00 0 0 0 0 0   -1   -1   -1
110  2569   C.3   20.54   -0.90   54.00  1.94   0.36   0.0187   N    0.00    0.00    0.00    0.00    0.00    0.00 0 0 0 0 0   -1   -1   -1
111  2570   C.3   20.15   -2.29   53.51  1.94   0.36  -0.0479   N    0.00    0.00    0.00    0.00    0.00    0.00 0 0 0 0 0   -1   -1   -1
112  2571   C.3   20.87   -2.52   52.10  1.94  -0.14  -0.0143   N    0.00    0.00    0.00    0.00    0.00    0.00 0 0 0 0 0   -1   -1   -1
113  2572   N.4   20.57   -1.52   51.08  1.86  -2.00  -0.3854   P   20.36   -0.83   50.38    0.63   -0.45   -0.63 0 3 0 3 3   -1   -1   -1
114  2610   O.2   13.73    2.66   56.35  1.66  -0.40  -0.5679   P   13.87    2.00   55.62   -0.31   -0.74    0.60 2 0 2 0 2   -1   -1   -1
115  2835   O.2   15.22   12.21   39.08  1.66  -0.40  -0.5819   P   14.51   11.51   39.05    0.16   -0.12   -0.98 2 0 1 0 2   -1   -1   -1
116  2844  N.am   17.45   12.88   39.36  1.83  -0.10  -0.4157   P   18.08   13.65   39.24    0.00    0.00    0.00 0 1 0 0 1   -1   -1   -1
117  2845   C.3   18.03   11.55   39.79  1.94  -0.30  -0.0252   N    0.00    0.00    0.00    0.00    0.00    0.00 0 0 0 0 0   -1   -1   -1
118  2846   C.2   17.45   11.03   41.16  1.90  -0.03   0.5973   N    0.00    0.00    0.00    0.00    0.00    0.00 0 0 0 0 0   -1   -1   -1
119  2847   O.2   17.22    9.82   41.24  1.66  -0.40  -0.5679   P   17.03    8.84   41.30    0.84   -0.12    0.53 2 0 1 0 2   -1   -1   -1
120  2851  N.am   17.01   11.89   42.05  1.83  -0.10  -0.4157   P   17.06   12.86   41.83    0.00    0.00    0.00 0 1 0 1 1   -1   -1   -1
121  2854   O.2   14.49   10.24   43.82  1.66  -0.40  -0.5679   P   14.15    9.41   44.26   -0.20    0.53    0.83 2 0 1 0 2   -1   -1   -1
122  2868   C.3   12.80   11.89   42.14  1.94  -0.31   0.0397   N    0.00    0.00    0.00    0.00    0.00    0.00 0 0 0 0 0   -1   -1   -1
123  2869   C.2   12.72   10.54   41.38  1.90  -0.03   0.5366   N    0.00    0.00    0.00    0.00    0.00    0.00 0 0 0 0 0   -1   -1   -1
124  2870   O.2   12.11    9.58   41.85  1.66  -0.40  -0.5819   P   11.61    8.80   42.23   -0.81    0.26   -0.52 2 0 1 0 2   -1   -1   -1
125  2871   C.3   12.23   13.04   41.35  1.94   0.36   0.0560   N    0.00    0.00    0.00    0.00    0.00    0.00 0 0 0 0 0   -1   -1   -1
126  2872   C.3   10.69   12.97   41.13  1.94  -0.01   0.0136   N    0.00    0.00    0.00    0.00    0.00    0.00 0 0 0 0 0   -1   -1   -1
127  2875 O.co2   10.19   13.61   38.82  1.66  -0.88  -0.8188   P   10.02   13.29   37.89   -0.97    0.22    0.11 2 0 2 0 2   -1   -1   -1
128  2882  N.am   13.39   10.35   40.24  1.83  -0.10  -0.5163   P   13.87   11.15   39.87    0.00    0.00    0.00 0 1 0 0 1   -1   -1   -1
129  2883   C.3   13.50    9.12   39.49  1.94  -0.31   0.0397   N    0.00    0.00    0.00    0.00    0.00    0.00 0 0 0 0 0   -1   -1   -1
130  2884   C.2   13.74    7.89   40.38  1.90  -0.03   0.5366   N    0.00    0.00    0.00    0.00    0.00    0.00 0 0 0 0 0   -1   -1   -1
131  2885   O.2   13.27    6.81   40.09  1.66  -0.40  -0.5819   P   12.88    5.92   39.85    0.77   -0.17   -0.61 2 0 2 0 2   -1   -1   -1
132  2886   C.3   14.60    9.27   38.44  1.94   0.36   0.0560   N    0.00    0.00    0.00    0.00    0.00    0.00 0 0 0 0 0   -1   -1   -1
133  2887   C.3   14.89    8.14   37.45  1.94  -0.01   0.0136   N    0.00    0.00    0.00    0.00    0.00    0.00 0 0 0 0 0   -1   -1   -1
134  2888   C.2   14.00    8.20   36.16  1.90  -0.03   0.8054   N    0.00    0.00    0.00    0.00    0.00    0.00 0 0 0 0 0   -1   -1   -1
135  2889 O.co2   12.78    8.64   36.19  1.66  -0.88  -0.8188   P   11.84    8.98   36.21    0.33    0.92   -0.23 2 0 2 0 2   -1   -1   -1
136  2890 O.co2   14.50    7.76   35.10  1.66  -0.88  -0.8188   P   14.90    7.41   34.25   -0.33   -0.92    0.23 2 0 2 0 2   -1   -1   -1
137  2897  N.am   14.55    7.83   41.43  1.83  -0.10  -0.4157   P   15.12    8.62   41.63    0.00    0.00    0.00 0 1 0 0 1   -1   -1   -1
138  2898   C.3   14.65    6.65   42.32  1.94  -0.31   0.0337   N    0.00    0.00    0.00    0.00    0.00    0.00 0 0 0 0 0   -1   -1   -1
139  2899   C.2   13.40    6.33   43.09  1.90  -0.03   0.5973   N    0.00    0.00    0.00    0.00    0.00    0.00 0 0 0 0 0   -1   -1   -1
140  2900   O.2   13.10    5.14   43.18  1.66  -0.40  -0.5679   P   12.86    4.17   43.25    0.49   -0.06    0.87 2 0 2 0 2   -1   -1   -1
141  2901   C.3   15.89    6.76   43.21  1.94   0.53  -0.1825   N    0.00    0.00    0.00    0.00    0.00    0.00 0 0 0 0 0   -1   -1   -1
142  2907  N.am   12.72    7.32   43.54  1.83  -0.10  -0.4157   P   12.90    8.23   43.17    0.00    0.00    0.00 0 1 0 0 1   -1   -1   -1
143  2908   C.3   11.66    7.16   44.60  1.94  -0.31  -0.0024   N    0.00    0.00    0.00    0.00    0.00    0.00 0 0 0 0 0   -1   -1   -1
144  2909   C.2   10.29    7.72   44.20  1.90  -0.03   0.5973   N    0.00    0.00    0.00    0.00    0.00    0.00 0 0 0 0 0   -1   -1   -1
145  2910   O.2    9.37    7.46   45.03  1.66  -0.40  -0.5679   P    8.64    7.25   45.69    0.09    0.92    0.39 2 0 1 0 2   -1   -1   -1
146  2911   C.3   12.29    7.91   45.79  1.94  -0.01  -0.0343   N    0.00    0.00    0.00    0.00    0.00    0.00 0 0 0 0 0   -1   -1   -1
147  2912  C.ar   13.58    7.43   46.47  1.85   0.30   0.0118   N    0.00    0.00    0.00    0.00    0.00    0.00 0 0 0 0 0   -1   -1   -1
148  2913  C.ar   13.48    6.22   47.14  1.85   0.34  -0.1256   N    0.00    0.00    0.00    0.00    0.00    0.00 0 0 0 0 0   -1   -1   -1
149  2914  C.ar   14.79    8.15   46.30  1.85   0.34  -0.1256   N    0.00    0.00    0.00    0.00    0.00    0.00 0 0 0 0 0   -1   -1   -1
150  2915  C.ar   14.67    5.57   47.54  1.85   0.34  -0.1704   N    0.00    0.00    0.00    0.00    0.00    0.00 0 0 0 0 0   -1   -1   -1
151  2916  C.ar   15.96    7.54   46.76  1.85   0.34  -0.1704   N    0.00    0.00    0.00    0.00    0.00    0.00 0 0 0 0 0   -1   -1   -1
152  2917  C.ar   15.90    6.30   47.42  1.85   0.34  -0.1072   N    0.00    0.00    0.00    0.00    0.00    0.00 0 0 0 0 0   -1   -1   -1
153  2927  N.am   10.07    8.24   43.01  1.83  -0.10  -0.4157   P   10.86    8.34   42.40    0.00    0.00    0.00 0 1 0 0 1   -1   -1   -1
154  2928   C.3    8.76    8.68   42.50  1.94  -0.31  -0.0014   N    0.00    0.00    0.00    0.00    0.00    0.00 0 0 0 0 0   -1   -1   -1
155  2929   C.2    7.50    7.77   42.74  1.90  -0.03   0.5973   N    0.00    0.00    0.00    0.00    0.00    0.00 0 0 0 0 0   -1   -1   -1
156  2930   O.2    6.38    8.22   42.78  1.66  -0.40  -0.5679   P    5.45    8.59   42.81   -0.06   -0.06   -1.00 2 0 1 0 2   -1   -1   -1
157  2931   C.3    8.99    9.06   41.08  1.94  -0.01  -0.0152   N    0.00    0.00    0.00    0.00    0.00    0.00 0 0 0 0 0   -1   -1   -1
158  2932  C.ar    7.97    9.93   40.38  1.85   0.30  -0.0011   N    0.00    0.00    0.00    0.00    0.00    0.00 0 0 0 0 0   -1   -1   -1
159  2933  C.ar    7.40    9.50   39.19  1.85   0.34  -0.1906   N    0.00    0.00    0.00    0.00    0.00    0.00 0 0 0 0 0   -1   -1   -1
160  2934  C.ar    7.84   11.24   40.77  1.85   0.34  -0.1906   N    0.00    0.00    0.00    0.00    0.00    0.00 0 0 0 0 0   -1   -1   -1
161  2935  C.ar    6.49   10.38   38.50  1.85   0.34  -0.2341   N    0.00    0.00    0.00    0.00    0.00    0.00 0 0 0 0 0   -1   -1   -1
162  2936  C.ar    7.16   12.15   39.96  1.85   0.34  -0.2341   N    0.00    0.00    0.00    0.00    0.00    0.00 0 0 0 0 0   -1   -1   -1
163  2937  C.ar    6.37   11.72   38.90  1.85  -0.15   0.3226   N    0.00    0.00    0.00    0.00    0.00    0.00 0 0 0 0 0   -1   -1   -1
164  2938   O.3    5.63   12.67   38.21  1.74   0.08  -0.5579   P    5.10   13.35   37.71    0.71    0.04   -0.71 2 1 2 1 3   -1   -1   -1
165  2948  N.am    7.81    6.48   42.80  1.83  -0.10  -0.4157   P    8.77    6.22   42.73    0.00    0.00    0.00 0 1 0 1 1   -1   -1   -1
166  2949   C.3    6.83    5.42   42.96  1.94  -0.31  -0.0875   N    0.00    0.00    0.00    0.00    0.00    0.00 0 0 0 0 0   -1   -1   -1
167  2950   C.2    6.54    5.02   44.47  1.90  -0.03   0.5973   N    0.00    0.00    0.00    0.00    0.00    0.00 0 0 0 0 0   -1   -1   -1
168  2951   O.2    5.67    4.18   44.59  1.66  -0.40  -0.5679   P    4.95    3.49   44.69    0.67   -0.72   -0.17 2 0 2 0 2   -1   -1   -1
169  2952   C.3    7.22    4.14   42.09  1.94   0.13   0.2985   N    0.00    0.00    0.00    0.00    0.00    0.00 0 0 0 0 0   -1   -1   -1
170  2953   C.3    7.38    4.36   40.54  1.94   0.53  -0.3192   N    0.00    0.00    0.00    0.00    0.00    0.00 0 0 0 0 0   -1   -1   -1
171  2954   C.3    8.43    3.44   42.69  1.94   0.53  -0.3192   N    0.00    0.00    0.00    0.00    0.00    0.00 0 0 0 0 0   -1   -1   -1
172  2964  N.am    7.26    5.44   45.51  1.83  -0.10  -0.4157   P    7.95    6.14   45.34    0.00    0.00    0.00 0 1 0 0 1   -1   -1   -1
173  2965   C.3    7.11    4.95   46.88  1.94  -0.31  -0.0389   N    0.00    0.00    0.00    0.00    0.00    0.00 0 0 0 0 0   -1   -1   -1
174  2966   C.2    6.75    6.02   47.94  1.90  -0.03   0.5973   N    0.00    0.00    0.00    0.00    0.00    0.00 0 0 0 0 0   -1   -1   -1
175  2967   O.2    7.10    7.18   47.71  1.66  -0.40  -0.5679   P    7.38    8.12   47.52   -0.88    0.18   -0.44 2 0 2 0 2   -1   -1   -1
176  2968   C.3    8.29    4.06   47.35  1.94  -0.20   0.3654   N    0.00    0.00    0.00    0.00    0.00    0.00 0 0 0 0 0   -1   -1   -1
177  2969   C.3    9.55    4.81   47.48  1.94   0.53  -0.2438   N    0.00    0.00    0.00    0.00    0.00    0.00 0 0 0 0 0   -1   -1   -1
178  2970   O.3    8.10    3.59   48.68  1.74  -0.47  -0.6761   P    7.97    3.26   49.61   -0.28    0.92    0.28 2 1 1 1 3   -1   -1   -1
179  2996   C.3    9.33    5.58   51.96  1.94  -0.31  -0.2637   N    0.00    0.00    0.00    0.00    0.00    0.00 0 0 0 0 0   -1   -1   -1
180  2997   C.2   10.34    6.78   51.95  1.90  -0.03   0.7341   N    0.00    0.00    0.00    0.00    0.00    0.00 0 0 0 0 0   -1   -1   -1
181  2998   O.2   11.11    6.95   52.89  1.66  -0.40  -0.5894   P   11.74    7.09   53.66    0.71   -0.51   -0.49 2 0 1 0 2   -1   -1   -1
182  2999   C.3    9.97    4.22   51.48  1.94   0.36  -0.0007   N    0.00    0.00    0.00    0.00    0.00    0.00 0 0 0 0 0   -1   -1   -1
183  3000   C.3    9.19    2.95   51.84  1.94   0.36   0.0390   N    0.00    0.00    0.00    0.00    0.00    0.00 0 0 0 0 0   -1   -1   -1
184  3001   C.3    9.91    1.63   51.51  1.94  -0.14   0.0486   N    0.00    0.00    0.00    0.00    0.00    0.00 0 0 0 0 0   -1   -1   -1
185  3002 N.pl3   10.30    1.59   50.15  1.83  -0.10  -0.5295   P   11.04    2.19   49.84    0.00    0.00    0.00 0 1 0 1 1   -1   -1   -1
186  3003 C.cat    9.72    0.77   49.25  1.90   0.00   0.8076   N    0.00    0.00    0.00    0.00    0.00    0.00 0 0 0 0 0   -1   -1   -1
187  3004 N.pl3    8.53    0.15   49.40  1.83  -0.65  -0.8627   P    7.65   -0.31   49.51   -0.46    0.77   -0.44 0 2 0 2 2   -1   -1   -1
188  3005 N.pl3   10.42    0.58   48.20  1.83  -0.65  -0.8627   P   10.97    0.43   47.38    0.46   -0.77    0.44 0 2 0 2 2   -1   -1   -1
189  3019  N.am   10.22    7.61   50.90  1.83  -0.10  -0.4157   P    9.61    7.34   50.16    0.00    0.00    0.00 0 1 0 1 1   -1   -1   -1
190  3023   C.3   12.04    8.79   49.61  1.94   0.13   0.2985   N    0.00    0.00    0.00    0.00    0.00    0.00 0 0 0 0 0   -1   -1   -1
191  3025   C.3   13.14    7.81   49.92  1.94   0.53  -0.3192   N    0.00    0.00    0.00    0.00    0.00    0.00 0 0 0 0 0   -1   -1   -1
192  3360   C.3    4.54    6.83   39.39  1.94   0.53  -0.3192   N    0.00    0.00    0.00    0.00    0.00    0.00 0 0 0 0 0   -1   -1   -1
<End>
