#
# This file is create by LigBuilder/Cavity.
# It stores the parameters for the pocket atoms.
# Creation time: Tue Apr  7 19:56:43 2026
#
# 1st column: ID of the atom
# 2nd column: ID of the atom in the original PDB file
# 3rd column: atom type
# 4th column: X coordinate
# 5th column: Y coordinate
# 6th column: Z coordinate
# 7th column: vdw radius
# 8th column: atomic hydrophobic scale
# 9th column: H-bond character
# 10th column: H-bond root X coordinate
# 11th column: H-bond root Y coordinate
# 12th column: H-bond root Z coordinate
#
<Start>
<Atom_number> 136
  1   147  C.ar   35.85   17.60   57.13  1.85   0.34  -0.2341   N    0.00    0.00    0.00    0.00    0.00    0.00 0 0 0 0 0   -1   -1   -1
  2   181   C.3   36.62   14.40   53.56  1.94  -0.31   0.0188   N    0.00    0.00    0.00    0.00    0.00    0.00 0 0 0 0 0   -1   -1   -1
  3   182   C.2   37.85   13.53   53.26  1.90  -0.03   0.5973   N    0.00    0.00    0.00    0.00    0.00    0.00 0 0 0 0 0   -1   -1   -1
  4   183   O.2   38.35   12.81   54.16  1.66  -0.40  -0.5679   P   38.75   12.24   54.88   -0.65   -0.73   -0.22 2 0 2 0 2   -1   -1   -1
  5   184   C.3   37.01   15.77   54.19  1.94  -0.01  -0.0462   N    0.00    0.00    0.00    0.00    0.00    0.00 0 0 0 0 0   -1   -1   -1
  6   185  C.ar   37.72   16.75   53.25  1.90  -0.03  -0.0266   N    0.00    0.00    0.00    0.00    0.00    0.00 0 0 0 0 0   -1   -1   -1
  7   186  C.ar   39.06   16.68   52.95  1.90  -0.31   0.1292   N    0.00    0.00    0.00    0.00    0.00    0.00 0 0 0 0 0   -1   -1   -1
  8   187  N.ar   37.12   17.62   52.36  1.87   0.14  -0.3811   P   36.14   17.82   52.26    0.00    0.00    0.00 1 1 1 1 1    9   -1    7
  9   188  C.ar   38.16   18.15   51.64  1.90  -0.31   0.2057   N    0.00    0.00    0.00    0.00    0.00    0.00 0 0 0 0 0   -1   -1   -1
 10   189  N.ar   39.31   17.52   51.96  1.87   0.14  -0.5727   P   40.20   17.66   51.52    0.00    0.00    0.00 1 1 1 1 1    7   -1    9
 11   197  N.am   38.25   13.57   51.97  1.83  -0.10  -0.5163   P   37.62   13.91   51.27    0.00    0.00    0.00 0 1 0 1 1   -1   -1   -1
 12   198   C.3   39.61   13.12   51.58  1.94  -0.31   0.0381   N    0.00    0.00    0.00    0.00    0.00    0.00 0 0 0 0 0   -1   -1   -1
 13   199   C.2   40.25   14.07   50.58  1.90  -0.03   0.5366   N    0.00    0.00    0.00    0.00    0.00    0.00 0 0 0 0 0   -1   -1   -1
 14   200   O.2   39.77   14.20   49.46  1.66  -0.40  -0.5819   P   39.38   14.31   48.55   -0.55    0.77    0.32 2 0 1 0 2   -1   -1   -1
 15   209  N.am   41.38   14.74   50.89  1.83   0.08  -0.2548   N    0.00    0.00    0.00    0.00    0.00    0.00 0 0 0 0 0   -1   -1   -1
 16   210   C.3   42.00   15.65   49.90  1.94  -0.31  -0.0266   N    0.00    0.00    0.00    0.00    0.00    0.00 0 0 0 0 0   -1   -1   -1
 17   211   C.2   42.35   15.14   48.53  1.90  -0.03   0.5896   N    0.00    0.00    0.00    0.00    0.00    0.00 0 0 0 0 0   -1   -1   -1
 18   212   O.2   42.45   15.92   47.61  1.66  -0.40  -0.5748   P   42.53   16.56   46.85    0.98    0.09    0.18 2 0 2 0 2   -1   -1   -1
 19   213   C.3   43.28   16.05   50.59  1.94   0.36  -0.0070   N    0.00    0.00    0.00    0.00    0.00    0.00 0 0 0 0 0   -1   -1   -1
 20   214   C.3   43.10   15.81   52.10  1.94   0.36   0.0189   N    0.00    0.00    0.00    0.00    0.00    0.00 0 0 0 0 0   -1   -1   -1
 21   215   C.3   42.12   14.69   52.20  1.94  -0.14   0.0192   N    0.00    0.00    0.00    0.00    0.00    0.00 0 0 0 0 0   -1   -1   -1
 22   223  N.am   42.51   13.80   48.29  1.83  -0.10  -0.5163   P   42.38   13.16   49.05    0.00    0.00    0.00 0 1 0 1 1   -1   -1   -1
 23   224   C.3   42.87   13.25   46.94  1.94  -0.31   0.0381   N    0.00    0.00    0.00    0.00    0.00    0.00 0 0 0 0 0   -1   -1   -1
 24   225   C.2   41.73   13.36   45.94  1.90  -0.03   0.5366   N    0.00    0.00    0.00    0.00    0.00    0.00 0 0 0 0 0   -1   -1   -1
 25   226   O.2   41.86   13.55   44.73  1.66  -0.40  -0.5819   P   41.97   13.70   43.75   -0.14   -0.98   -0.17 2 0 0 0 2   -1   -1   -1
 26   227   C.3   43.36   11.75   47.09  1.94   0.01  -0.0303   N    0.00    0.00    0.00    0.00    0.00    0.00 0 0 0 0 0   -1   -1   -1
 27   228   C.2   44.62   11.62   48.03  1.90  -0.03   0.7994   N    0.00    0.00    0.00    0.00    0.00    0.00 0 0 0 0 0   -1   -1   -1
 28   230 O.co2   45.42   12.61   48.06  1.66  -0.88  -0.8014   P   46.05   13.39   48.08   -0.32    0.23    0.92 2 0 2 0 2   -1   -1   -1
 29   235  N.am   40.54   13.42   46.58  1.83  -0.10  -0.4157   P   40.48   13.35   47.58    0.00    0.00    0.00 0 1 0 0 1   -1   -1   -1
 30   237   C.2   39.29   14.90   44.99  1.90  -0.03   0.5973   N    0.00    0.00    0.00    0.00    0.00    0.00 0 0 0 0 0   -1   -1   -1
 31   254  N.am   40.03   15.94   45.54  1.83  -0.10  -0.4157   P   40.53   15.75   46.39    0.00    0.00    0.00 0 1 0 1 1   -1   -1   -1
 32   255   C.3   40.14   17.30   44.98  1.94  -0.30  -0.0252   N    0.00    0.00    0.00    0.00    0.00    0.00 0 0 0 0 0   -1   -1   -1
 33   256   C.2   41.19   17.35   43.84  1.90  -0.03   0.5973   N    0.00    0.00    0.00    0.00    0.00    0.00 0 0 0 0 0   -1   -1   -1
 34   257   O.2   41.23   18.43   43.30  1.66  -0.40  -0.5679   P   41.26   19.32   42.85    0.69    0.30    0.66 2 0 2 0 2   -1   -1   -1
 35   261  N.am   41.90   16.33   43.56  1.83  -0.10  -0.4157   P   41.70   15.44   43.98    0.00    0.00    0.00 0 1 0 0 1   -1   -1   -1
 36   262   C.3   43.05   16.49   42.58  1.94  -0.31  -0.0249   N    0.00    0.00    0.00    0.00    0.00    0.00 0 0 0 0 0   -1   -1   -1
 37   265   C.3   44.29   15.84   43.15  1.94  -0.14   0.2117   N    0.00    0.00    0.00    0.00    0.00    0.00 0 0 0 0 0   -1   -1   -1
 38   266   O.3   44.20   14.47   43.00  1.74  -0.47  -0.6546   P   44.13   13.48   42.89   -0.71   -0.03    0.71 2 1 2 0 3   -1   -1   -1
 39   451   O.2   42.50   22.71   43.80  1.66  -0.40  -0.6086   P   42.74   21.84   44.22   -0.04   -0.44   -0.90 2 0 0 0 2   -1   -1   -1
 40   486   C.2   37.46   20.80   48.50  1.90  -0.03   0.5973   N    0.00    0.00    0.00    0.00    0.00    0.00 0 0 0 0 0   -1   -1   -1
 41   487   O.2   37.23   21.30   49.65  1.66  -0.40  -0.5679   P   37.05   21.69   50.55   -0.02   -0.92    0.40 2 0 1 0 2   -1   -1   -1
 42   503  N.am   38.73   20.59   48.07  1.83  -0.10  -0.3479   P   38.89   20.27   47.14    0.00    0.00    0.00 0 1 0 1 1   -1   -1   -1
 43   504   C.3   39.85   20.83   48.95  1.94  -0.31  -0.2637   N    0.00    0.00    0.00    0.00    0.00    0.00 0 0 0 0 0   -1   -1   -1
 44   505   C.2   40.08   22.25   49.31  1.90  -0.03   0.7341   N    0.00    0.00    0.00    0.00    0.00    0.00 0 0 0 0 0   -1   -1   -1
 45   506   O.2   40.63   22.46   50.35  1.66  -0.40  -0.5894   P   41.09   22.64   51.22    0.87    0.10   -0.48 2 0 1 0 2   -1   -1   -1
 46   507   C.3   41.12   20.11   48.42  1.94   0.36  -0.0007   N    0.00    0.00    0.00    0.00    0.00    0.00 0 0 0 0 0   -1   -1   -1
 47   508   C.3   41.44   20.45   46.96  1.94   0.36   0.0390   N    0.00    0.00    0.00    0.00    0.00    0.00 0 0 0 0 0   -1   -1   -1
 48   509   C.3   42.62   19.69   46.33  1.94  -0.14   0.0486   N    0.00    0.00    0.00    0.00    0.00    0.00 0 0 0 0 0   -1   -1   -1
 49   510 N.pl3   43.03   20.28   45.04  1.83  -0.10  -0.5295   P   42.45   21.02   44.70    0.00    0.00    0.00 0 1 0 0 1   -1   -1   -1
 50   511 C.cat   44.08   19.95   44.27  1.90   0.00   0.8076   N    0.00    0.00    0.00    0.00    0.00    0.00 0 0 0 0 0   -1   -1   -1
 51   512 N.pl3   44.72   18.83   44.52  1.83  -0.65  -0.8627   P   45.21   17.98   44.71   -0.61   -0.49   -0.62 0 2 0 2 2   -1   -1   -1
 52   513 N.pl3   44.44   20.70   43.32  1.83  -0.65  -0.8627   P   44.73   21.29   42.57    0.61    0.49    0.62 0 2 0 1 2   -1   -1   -1
 53   527  N.am   39.56   23.22   48.56  1.83  -0.10  -0.4157   P   39.19   23.02   47.65    0.00    0.00    0.00 0 1 0 0 1   -1   -1   -1
 54   528   C.3   39.54   24.64   49.10  1.94  -0.31  -0.0237   N    0.00    0.00    0.00    0.00    0.00    0.00 0 0 0 0 0   -1   -1   -1
 55   529   C.2   38.50   24.92   50.15  1.90  -0.03   0.5973   N    0.00    0.00    0.00    0.00    0.00    0.00 0 0 0 0 0   -1   -1   -1
 56   530   O.2   38.68   25.73   51.08  1.66  -0.40  -0.5679   P   38.82   26.38   51.83   -0.45    0.71   -0.53 2 0 1 0 2   -1   -1   -1
 57   544  N.am   37.37   24.22   50.17  1.83  -0.10  -0.4157   P   37.19   23.56   49.44    0.00    0.00    0.00 0 1 0 1 1   -1   -1   -1
 58   546   C.2   36.85   23.65   52.49  1.90  -0.03   0.5973   N    0.00    0.00    0.00    0.00    0.00    0.00 0 0 0 0 0   -1   -1   -1
 59   558  N.am   37.67   22.57   52.48  1.83  -0.10  -0.4157   P   37.88   22.09   51.63    0.00    0.00    0.00 0 1 0 0 1   -1   -1   -1
 60   559   C.3   38.22   22.14   53.71  1.94  -0.31   0.0188   N    0.00    0.00    0.00    0.00    0.00    0.00 0 0 0 0 0   -1   -1   -1
 61   560   C.2   39.39   22.97   54.23  1.90  -0.03   0.5973   N    0.00    0.00    0.00    0.00    0.00    0.00 0 0 0 0 0   -1   -1   -1
 62   561   O.2   39.61   23.11   55.49  1.66  -0.40  -0.5679   P   39.78   23.22   56.47    0.64   -0.77   -0.03 2 0 1 0 2   -1   -1   -1
 63   562   C.3   38.47   20.59   53.67  1.94  -0.01  -0.0462   N    0.00    0.00    0.00    0.00    0.00    0.00 0 0 0 0 0   -1   -1   -1
 64   563  C.ar   39.10   20.03   54.96  1.90  -0.03  -0.0266   N    0.00    0.00    0.00    0.00    0.00    0.00 0 0 0 0 0   -1   -1   -1
 65   564  C.ar   40.36   19.51   55.09  1.90  -0.31   0.1292   N    0.00    0.00    0.00    0.00    0.00    0.00 0 0 0 0 0   -1   -1   -1
 66   565  N.ar   38.43   20.02   56.20  1.87   0.14  -0.3811   P   37.50   20.33   56.40    0.00    0.00    0.00 1 1 0 0 1   67   -1   65
 67   566  C.ar   39.31   19.50   57.04  1.90  -0.31   0.2057   N    0.00    0.00    0.00    0.00    0.00    0.00 0 0 0 0 0   -1   -1   -1
 68   567  N.ar   40.45   19.14   56.41  1.87   0.14  -0.5727   P   41.23   18.68   56.83    0.00    0.00    0.00 1 1 0 1 1   65   -1   67
 69   575  N.am   40.14   23.62   53.31  1.83  -0.10  -0.4157   P   39.99   23.47   52.33    0.00    0.00    0.00 0 1 0 0 1   -1   -1   -1
 70   576   C.3   41.18   24.54   53.77  1.94  -0.31  -0.0249   N    0.00    0.00    0.00    0.00    0.00    0.00 0 0 0 0 0   -1   -1   -1
 71   577   C.2   40.68   25.71   54.55  1.90  -0.03   0.5973   N    0.00    0.00    0.00    0.00    0.00    0.00 0 0 0 0 0   -1   -1   -1
 72   578   O.2   41.16   26.00   55.60  1.66  -0.40  -0.5679   P   41.56   26.24   56.48    0.47    0.77   -0.43 2 0 0 0 2   -1   -1   -1
 73   579   C.3   41.90   25.02   52.60  1.94  -0.14   0.2117   N    0.00    0.00    0.00    0.00    0.00    0.00 0 0 0 0 0   -1   -1   -1
 74   580   O.3   42.95   25.99   52.90  1.74  -0.47  -0.6546   P   43.67   26.65   53.11    0.62   -0.48   -0.62 2 1 2 1 3   -1   -1   -1
 75   586  N.am   39.53   26.22   54.22  1.83  -0.10  -0.4157   P   39.16   25.98   53.32    0.00    0.00    0.00 0 1 0 0 1   -1   -1   -1
 76   587   C.3   38.76   27.10   55.05  1.94  -0.31  -0.0518   N    0.00    0.00    0.00    0.00    0.00    0.00 0 0 0 0 0   -1   -1   -1
 77   588   C.2   38.19   26.50   56.40  1.90  -0.03   0.5973   N    0.00    0.00    0.00    0.00    0.00    0.00 0 0 0 0 0   -1   -1   -1
 78   589   O.2   38.32   27.20   57.36  1.66  -0.40  -0.5679   P   38.43   27.79   58.16   -0.93    0.34   -0.12 2 0 1 0 2   -1   -1   -1
 79   605  N.am   37.72   25.23   56.48  1.83  -0.10  -0.4157   P   37.71   24.68   55.64    0.00    0.00    0.00 0 1 0 0 1   -1   -1   -1
 80   624  N.am   39.59   24.19   58.14  1.83  -0.10  -0.4157   P   39.53   23.73   57.26    0.00    0.00    0.00 0 1 0 0 1   -1   -1   -1
 81   625   C.3   40.95   24.31   58.76  1.94  -0.31  -0.0875   N    0.00    0.00    0.00    0.00    0.00    0.00 0 0 0 0 0   -1   -1   -1
 82   626   C.2   41.23   25.70   59.28  1.90  -0.03   0.5973   N    0.00    0.00    0.00    0.00    0.00    0.00 0 0 0 0 0   -1   -1   -1
 83   627   O.2   41.58   25.97   60.40  1.66  -0.40  -0.5679   P   41.87   26.19   61.33    0.96   -0.12   -0.27 2 0 2 0 2   -1   -1   -1
 84   628   C.3   42.17   23.71   57.95  1.94   0.13   0.2985   N    0.00    0.00    0.00    0.00    0.00    0.00 0 0 0 0 0   -1   -1   -1
 85   629   C.3   43.49   23.89   58.72  1.94   0.53  -0.3192   N    0.00    0.00    0.00    0.00    0.00    0.00 0 0 0 0 0   -1   -1   -1
 86   630   C.3   41.89   22.17   57.84  1.94   0.53  -0.3192   N    0.00    0.00    0.00    0.00    0.00    0.00 0 0 0 0 0   -1   -1   -1
 87   640  N.am   41.10   26.74   58.37  1.83  -0.10  -0.4157   P   40.66   26.55   57.49    0.00    0.00    0.00 0 1 0 0 1   -1   -1   -1
 88   641   C.3   41.58   28.12   58.64  1.94  -0.31  -0.0249   N    0.00    0.00    0.00    0.00    0.00    0.00 0 0 0 0 0   -1   -1   -1
 89   642   C.2   40.69   28.91   59.61  1.90  -0.03   0.5973   N    0.00    0.00    0.00    0.00    0.00    0.00 0 0 0 0 0   -1   -1   -1
 90   643   O.2   41.11   29.78   60.31  1.66  -0.40  -0.5679   P   41.46   30.51   60.90   -0.15    0.66   -0.73 2 0 2 0 2   -1   -1   -1
 91   644   C.3   41.82   28.92   57.35  1.94  -0.14   0.2117   N    0.00    0.00    0.00    0.00    0.00    0.00 0 0 0 0 0   -1   -1   -1
 92   645   O.3   42.50   28.10   56.38  1.74  -0.47  -0.6546   P   42.97   27.53   55.71   -0.41   -0.82    0.41 2 1 2 0 3   -1   -1   -1
 93   651  N.am   39.36   28.63   59.63  1.83  -0.10  -0.4157   P   38.99   28.10   58.87    0.00    0.00    0.00 0 1 0 0 1   -1   -1   -1
 94   652   C.3   38.41   29.05   60.71  1.94  -0.31  -0.0014   N    0.00    0.00    0.00    0.00    0.00    0.00 0 0 0 0 0   -1   -1   -1
 95   672  N.am   39.18   27.07   61.94  1.83  -0.10  -0.4157   P   39.64   26.88   61.07    0.00    0.00    0.00 0 1 0 1 1   -1   -1   -1
 96   710  C.ar   39.92   20.80   61.70  1.85   0.30  -0.0011   N    0.00    0.00    0.00    0.00    0.00    0.00 0 0 0 0 0   -1   -1   -1
 97   712  C.ar   40.84   19.74   61.74  1.85   0.34  -0.1906   N    0.00    0.00    0.00    0.00    0.00    0.00 0 0 0 0 0   -1   -1   -1
 98   713  C.ar   41.62   22.38   62.34  1.85   0.34  -0.2341   N    0.00    0.00    0.00    0.00    0.00    0.00 0 0 0 0 0   -1   -1   -1
 99   714  C.ar   42.19   19.99   62.10  1.85   0.34  -0.2341   N    0.00    0.00    0.00    0.00    0.00    0.00 0 0 0 0 0   -1   -1   -1
100   715  C.ar   42.57   21.32   62.45  1.85  -0.15   0.3226   N    0.00    0.00    0.00    0.00    0.00    0.00 0 0 0 0 0   -1   -1   -1
101   716   O.3   43.88   21.59   62.82  1.74   0.08  -0.5579   P   44.82   21.78   63.09    0.27   -0.93   -0.27 2 1 2 1 3   -1   -1   -1
102  5146   C.3   43.35   34.39   56.28  1.94  -0.31  -0.0249   N    0.00    0.00    0.00    0.00    0.00    0.00 0 0 0 0 0   -1   -1   -1
103  5147   C.2   44.27   33.65   55.30  1.90  -0.03   0.5973   N    0.00    0.00    0.00    0.00    0.00    0.00 0 0 0 0 0   -1   -1   -1
104  5148   O.2   43.80   33.03   54.41  1.66  -0.40  -0.5679   P   43.40   32.51   53.66   -0.06    0.83   -0.55 2 0 1 0 2   -1   -1   -1
105  5149   C.3   43.49   33.82   57.70  1.94  -0.14   0.2117   N    0.00    0.00    0.00    0.00    0.00    0.00 0 0 0 0 0   -1   -1   -1
106  5150   O.3   43.25   32.40   57.80  1.74  -0.47  -0.6546   P   43.08   31.42   57.87   -0.70    0.17    0.70 2 1 2 1 3   -1   -1   -1
107  5156  N.am   45.61   33.86   55.48  1.83  -0.10  -0.4157   P   45.93   34.51   56.17    0.00    0.00    0.00 0 1 0 1 1   -1   -1   -1
108  5157   C.3   46.59   33.12   54.64  1.94  -0.31  -0.0518   N    0.00    0.00    0.00    0.00    0.00    0.00 0 0 0 0 0   -1   -1   -1
109  5158   C.2   46.44   31.60   54.64  1.90  -0.03   0.5973   N    0.00    0.00    0.00    0.00    0.00    0.00 0 0 0 0 0   -1   -1   -1
110  5159   O.2   46.56   30.93   55.69  1.66  -0.40  -0.5679   P   46.66   30.39   56.53   -0.99    0.04    0.14 2 0 2 0 2   -1   -1   -1
111  5160   C.3   47.99   33.64   54.99  1.94   0.36  -0.1102   N    0.00    0.00    0.00    0.00    0.00    0.00 0 0 0 0 0   -1   -1   -1
112  5161   C.3   49.15   32.93   54.23  1.94   0.13   0.3531   N    0.00    0.00    0.00    0.00    0.00    0.00 0 0 0 0 0   -1   -1   -1
113  5175  N.am   46.25   31.00   53.45  1.83  -0.10  -0.4157   P   46.33   31.58   52.64    0.00    0.00    0.00 0 1 0 1 1   -1   -1   -1
114  5176   C.3   45.93   29.57   53.22  1.94  -0.31   0.0143   N    0.00    0.00    0.00    0.00    0.00    0.00 0 0 0 0 0   -1   -1   -1
115  5177   C.2   46.48   29.15   51.83  1.90  -0.03   0.5973   N    0.00    0.00    0.00    0.00    0.00    0.00 0 0 0 0 0   -1   -1   -1
116  5178   O.2   46.99   29.87   51.04  1.66  -0.40  -0.5679   P   47.42   30.48   50.37    0.90   -0.20    0.39 2 0 2 0 2   -1   -1   -1
117  5179   C.3   44.41   29.39   53.42  1.94  -0.01  -0.2041   N    0.00    0.00    0.00    0.00    0.00    0.00 0 0 0 0 0   -1   -1   -1
118  5180   C.2   43.47   30.00   52.32  1.90  -0.03   0.7130   N    0.00    0.00    0.00    0.00    0.00    0.00 0 0 0 0 0   -1   -1   -1
119  5181  N.am   42.89   31.19   52.56  1.83  -0.65  -0.9196   P   42.46   32.07   52.74    0.80    0.47   -0.38 0 2 0 1 2   -1   -1   -1
120  5182   O.2   43.27   29.44   51.21  1.66  -0.40  -0.5931   P   43.11   29.00   50.33   -0.80   -0.47    0.38 2 0 1 0 2   -1   -1   -1
121  5189  N.am   46.31   27.84   51.54  1.83  -0.10  -0.5163   P   45.78   27.27   52.16    0.00    0.00    0.00 0 1 0 1 1   -1   -1   -1
122  5190   C.3   46.91   27.23   50.30  1.94  -0.31   0.0381   N    0.00    0.00    0.00    0.00    0.00    0.00 0 0 0 0 0   -1   -1   -1
123  5191   C.2   46.30   27.78   48.99  1.90  -0.03   0.5366   N    0.00    0.00    0.00    0.00    0.00    0.00 0 0 0 0 0   -1   -1   -1
124  5192   O.2   46.97   27.81   47.95  1.66  -0.40  -0.5819   P   47.51   27.83   47.11   -0.32   -0.92   -0.23 2 0 2 0 2   -1   -1   -1
125  5193   C.3   46.77   25.68   50.47  1.94   0.01  -0.0303   N    0.00    0.00    0.00    0.00    0.00    0.00 0 0 0 0 0   -1   -1   -1
126  5194   C.2   47.62   25.15   51.61  1.90  -0.03   0.7994   N    0.00    0.00    0.00    0.00    0.00    0.00 0 0 0 0 0   -1   -1   -1
127  5195 O.co2   47.42   23.97   52.04  1.66  -0.88  -0.8014   P   47.26   23.04   52.38    0.59   -0.36   -0.72 2 0 2 0 2   -1   -1   -1
128  5196 O.co2   48.57   25.81   52.05  1.66  -0.88  -0.8014   P   49.34   26.34   52.41   -0.59    0.36    0.72 2 0 2 0 2   -1   -1   -1
129  5201  N.am   45.06   28.19   49.05  1.83  -0.10  -0.4157   P   44.63   28.12   49.95    0.00    0.00    0.00 0 1 0 0 1   -1   -1   -1
130  5206  C.ar   42.92   26.58   47.86  1.85   0.30  -0.0011   N    0.00    0.00    0.00    0.00    0.00    0.00 0 0 0 0 0   -1   -1   -1
131  5207  C.ar   43.31   25.96   46.67  1.85   0.34  -0.1906   N    0.00    0.00    0.00    0.00    0.00    0.00 0 0 0 0 0   -1   -1   -1
132  5208  C.ar   42.80   25.83   49.00  1.85   0.34  -0.1906   N    0.00    0.00    0.00    0.00    0.00    0.00 0 0 0 0 0   -1   -1   -1
133  5209  C.ar   43.60   24.54   46.56  1.85   0.34  -0.2341   N    0.00    0.00    0.00    0.00    0.00    0.00 0 0 0 0 0   -1   -1   -1
134  5210  C.ar   43.14   24.44   48.93  1.85   0.34  -0.2341   N    0.00    0.00    0.00    0.00    0.00    0.00 0 0 0 0 0   -1   -1   -1
135  5211  C.ar   43.63   23.82   47.78  1.85  -0.15   0.3226   N    0.00    0.00    0.00    0.00    0.00    0.00 0 0 0 0 0   -1   -1   -1
136  5212   O.3   43.90   22.47   47.77  1.74   0.08  -0.5579   P   44.10   21.49   47.76   -0.70   -0.15    0.70 2 1 2 1 3   -1   -1   -1
<End>
