#
# This file is create by LigBuilder/Cavity.
# It stores the parameters for the pocket atoms.
# Creation time: Tue Apr  7 19:56:01 2026
#
# 1st column: ID of the atom
# 2nd column: ID of the atom in the original PDB file
# 3rd column: atom type
# 4th column: X coordinate
# 5th column: Y coordinate
# 6th column: Z coordinate
# 7th column: vdw radius
# 8th column: atomic hydrophobic scale
# 9th column: H-bond character
# 10th column: H-bond root X coordinate
# 11th column: H-bond root Y coordinate
# 12th column: H-bond root Z coordinate
#
<Start>
<Atom_number> 90
  1  2644 N.pl3    3.34    7.21   57.21  1.83  -0.65  -0.8627   P    2.52    6.68   56.99   -0.18   -0.14    0.97 0 2 0 2 2   -1   -1   -1
  2  2966   C.2    6.75    6.02   47.94  1.90  -0.03   0.5973   N    0.00    0.00    0.00    0.00    0.00    0.00 0 0 0 0 0   -1   -1   -1
  3  2967   O.2    7.10    7.18   47.71  1.66  -0.40  -0.5679   P    7.38    8.12   47.52   -0.88    0.18   -0.44 2 0 2 0 2   -1   -1   -1
  4  2970   O.3    8.10    3.59   48.68  1.74  -0.47  -0.6761   P    7.97    3.26   49.61   -0.28    0.92    0.28 2 1 1 1 3   -1   -1   -1
  5  2978  N.am    6.12    5.69   49.08  1.83  -0.10  -0.4157   P    5.76    4.76   49.16    0.00    0.00    0.00 0 1 0 1 1   -1   -1   -1
  6  2979   C.3    5.92    6.63   50.25  1.94  -0.31   0.0188   N    0.00    0.00    0.00    0.00    0.00    0.00 0 0 0 0 0   -1   -1   -1
  7  2980   C.2    7.14    6.63   51.25  1.90  -0.03   0.5973   N    0.00    0.00    0.00    0.00    0.00    0.00 0 0 0 0 0   -1   -1   -1
  8  2981   O.2    7.19    7.45   52.15  1.66  -0.40  -0.5679   P    7.23    8.12   52.89   -0.44   -0.65    0.62 2 0 1 0 2   -1   -1   -1
  9  2982   C.3    4.64    6.33   51.05  1.94  -0.01  -0.0462   N    0.00    0.00    0.00    0.00    0.00    0.00 0 0 0 0 0   -1   -1   -1
 10  2983  C.ar    4.67    5.09   51.95  1.90  -0.03  -0.0266   N    0.00    0.00    0.00    0.00    0.00    0.00 0 0 0 0 0   -1   -1   -1
 11  2984  C.ar    5.30    5.16   53.17  1.90  -0.31   0.1292   N    0.00    0.00    0.00    0.00    0.00    0.00 0 0 0 0 0   -1   -1   -1
 12  2985  N.ar    4.30    3.83   51.60  1.87   0.14  -0.3811   P    3.79    3.53   50.80    0.00    0.00    0.00 1 1 1 1 1   13   -1   11
 13  2986  C.ar    4.81    3.07   52.63  1.90  -0.31   0.2057   N    0.00    0.00    0.00    0.00    0.00    0.00 0 0 0 0 0   -1   -1   -1
 14  2987  N.ar    5.28    3.87   53.61  1.87   0.14  -0.5727   P    5.57    3.56   54.52    0.00    0.00    0.00 1 1 1 1 1   11   -1   13
 15  3355   C.3    2.71    7.75   41.05  1.94  -0.31  -0.0875   N    0.00    0.00    0.00    0.00    0.00    0.00 0 0 0 0 0   -1   -1   -1
 16  3356   C.2    2.60    6.37   41.70  1.90  -0.03   0.5973   N    0.00    0.00    0.00    0.00    0.00    0.00 0 0 0 0 0   -1   -1   -1
 17  3357   O.2    3.54    5.96   42.40  1.66  -0.40  -0.5679   P    4.30    5.63   42.96   -0.36    0.52    0.78 2 0 1 0 2   -1   -1   -1
 18  3370  N.am    1.45    5.76   41.58  1.83  -0.10  -0.4157   P    0.76    6.18   41.00    0.00    0.00    0.00 0 1 0 1 1   -1   -1   -1
 19  3371   C.3    1.11    4.49   42.25  1.94  -0.31   0.0143   N    0.00    0.00    0.00    0.00    0.00    0.00 0 0 0 0 0   -1   -1   -1
 20  3372   C.2    1.14    4.62   43.87  1.90  -0.03   0.5973   N    0.00    0.00    0.00    0.00    0.00    0.00 0 0 0 0 0   -1   -1   -1
 21  3373   O.2    0.61    5.59   44.40  1.66  -0.40  -0.5679   P    0.18    6.38   44.83   -0.82   -0.55    0.19 2 0 1 0 2   -1   -1   -1
 22  3374   C.3    1.77    3.27   41.63  1.94  -0.01  -0.2041   N    0.00    0.00    0.00    0.00    0.00    0.00 0 0 0 0 0   -1   -1   -1
 23  3384  N.am    1.88    3.76   44.58  1.83  -0.10  -0.4157   P    2.40    3.05   44.09    0.00    0.00    0.00 0 1 0 1 1   -1   -1   -1
 24  3385   C.3    1.96    3.81   45.98  1.94  -0.31   0.0188   N    0.00    0.00    0.00    0.00    0.00    0.00 0 0 0 0 0   -1   -1   -1
 25  3386   C.2    2.77    4.97   46.60  1.90  -0.03   0.5973   N    0.00    0.00    0.00    0.00    0.00    0.00 0 0 0 0 0   -1   -1   -1
 26  3387   O.2    2.85    5.17   47.80  1.66  -0.40  -0.5679   P    2.92    5.33   48.78    0.80   -0.59    0.05 2 0 2 0 2   -1   -1   -1
 27  3388   C.3    2.41    2.41   46.46  1.94  -0.01  -0.0462   N    0.00    0.00    0.00    0.00    0.00    0.00 0 0 0 0 0   -1   -1   -1
 28  3389  C.ar    1.74    1.21   45.83  1.90  -0.03  -0.0266   N    0.00    0.00    0.00    0.00    0.00    0.00 0 0 0 0 0   -1   -1   -1
 29  3390  C.ar    0.72    0.54   46.46  1.90  -0.31   0.1292   N    0.00    0.00    0.00    0.00    0.00    0.00 0 0 0 0 0   -1   -1   -1
 30  3391  N.ar    2.12    0.48   44.71  1.87   0.14  -0.3811   P    2.79    0.72   44.01    0.00    0.00    0.00 1 1 1 1 1   31   -1   29
 31  3392  C.ar    1.35   -0.64   44.80  1.90  -0.31   0.2057   N    0.00    0.00    0.00    0.00    0.00    0.00 0 0 0 0 0   -1   -1   -1
 32  3393  N.ar    0.54   -0.63   45.82  1.87   0.14  -0.5727   P   -0.10   -1.36   46.08    0.00    0.00    0.00 1 1 1 1 1   29   -1   31
 33  3401  N.am    3.41    5.77   45.77  1.83  -0.10  -0.4157   P    3.45    5.50   44.81    0.00    0.00    0.00 0 1 0 0 1   -1   -1   -1
 34  3402   C.3    4.06    7.00   46.15  1.94  -0.30  -0.0252   N    0.00    0.00    0.00    0.00    0.00    0.00 0 0 0 0 0   -1   -1   -1
 35  3403   C.2    3.33    8.31   45.69  1.90  -0.03   0.5973   N    0.00    0.00    0.00    0.00    0.00    0.00 0 0 0 0 0   -1   -1   -1
 36  3404   O.2    3.94    9.36   45.66  1.66  -0.40  -0.5679   P    4.44   10.22   45.64    0.28   -0.19   -0.94 2 0 1 0 2   -1   -1   -1
 37  3408  N.am    2.02    8.23   45.31  1.83  -0.10  -0.3479   P    1.52    7.36   45.36    0.00    0.00    0.00 0 1 0 0 1   -1   -1   -1
 38  3409   C.3    1.35    9.49   44.82  1.94  -0.31  -0.2400   N    0.00    0.00    0.00    0.00    0.00    0.00 0 0 0 0 0   -1   -1   -1
 39  3410   C.2    1.34   10.47   46.04  1.90  -0.03   0.7341   N    0.00    0.00    0.00    0.00    0.00    0.00 0 0 0 0 0   -1   -1   -1
 40  3411   O.2    1.01   10.06   47.13  1.66  -0.40  -0.5894   P    0.74    9.72   48.03    0.94   -0.28    0.18 2 0 2 0 2   -1   -1   -1
 41  3412   C.3    0.00    9.11   44.39  1.94   0.36  -0.0094   N    0.00    0.00    0.00    0.00    0.00    0.00 0 0 0 0 0   -1   -1   -1
 42  3413   C.3   -0.77   10.19   43.60  1.94   0.36   0.0187   N    0.00    0.00    0.00    0.00    0.00    0.00 0 0 0 0 0   -1   -1   -1
 43  3414   C.3   -2.29    9.92   43.52  1.94   0.36  -0.0479   N    0.00    0.00    0.00    0.00    0.00    0.00 0 0 0 0 0   -1   -1   -1
 44  3415   C.3   -2.95   10.91   42.52  1.94  -0.14  -0.0143   N    0.00    0.00    0.00    0.00    0.00    0.00 0 0 0 0 0   -1   -1   -1
 45  3416   N.4   -2.57   10.71   41.16  1.86  -2.00  -0.3854   P   -2.30   10.57   40.21   -0.11   -0.99    0.11 0 3 0 3 3   -1   -1   -1
 46  3430  N.am    1.76   11.71   45.75  1.83  -0.10  -0.4157   P    2.18   11.81   44.85    0.00    0.00    0.00 0 1 0 1 1   -1   -1   -1
 47  3431   C.3    1.71   12.96   46.55  1.94  -0.31  -0.0014   N    0.00    0.00    0.00    0.00    0.00    0.00 0 0 0 0 0   -1   -1   -1
 48  3432   C.2    2.96   13.15   47.35  1.90  -0.03   0.5973   N    0.00    0.00    0.00    0.00    0.00    0.00 0 0 0 0 0   -1   -1   -1
 49  3434   C.3    0.43   13.17   47.37  1.94  -0.01  -0.0152   N    0.00    0.00    0.00    0.00    0.00    0.00 0 0 0 0 0   -1   -1   -1
 50  3435  C.ar   -0.82   13.17   46.59  1.85   0.30  -0.0011   N    0.00    0.00    0.00    0.00    0.00    0.00 0 0 0 0 0   -1   -1   -1
 51  3436  C.ar   -1.14   14.23   45.68  1.85   0.34  -0.1906   N    0.00    0.00    0.00    0.00    0.00    0.00 0 0 0 0 0   -1   -1   -1
 52  3437  C.ar   -1.79   12.24   46.90  1.85   0.34  -0.1906   N    0.00    0.00    0.00    0.00    0.00    0.00 0 0 0 0 0   -1   -1   -1
 53  3438  C.ar   -2.32   14.15   44.94  1.85   0.34  -0.2341   N    0.00    0.00    0.00    0.00    0.00    0.00 0 0 0 0 0   -1   -1   -1
 54  3439  C.ar   -2.98   12.15   46.15  1.85   0.34  -0.2341   N    0.00    0.00    0.00    0.00    0.00    0.00 0 0 0 0 0   -1   -1   -1
 55  3440  C.ar   -3.30   13.12   45.22  1.85  -0.15   0.3226   N    0.00    0.00    0.00    0.00    0.00    0.00 0 0 0 0 0   -1   -1   -1
 56  3441   O.3   -4.40   12.98   44.45  1.74   0.08  -0.5579   P   -5.21   12.88   43.88   -0.36    0.86    0.36 2 1 2 1 3   -1   -1   -1
 57  3451  N.am    3.96   12.21   47.31  1.83  -0.10  -0.4157   P    3.82   11.42   46.72    0.00    0.00    0.00 0 1 0 0 1   -1   -1   -1
 58  3455   C.3    5.64   10.89   48.65  1.94  -0.01  -0.0152   N    0.00    0.00    0.00    0.00    0.00    0.00 0 0 0 0 0   -1   -1   -1
 59  3456  C.ar    4.64   10.39   49.67  1.85   0.30  -0.0011   N    0.00    0.00    0.00    0.00    0.00    0.00 0 0 0 0 0   -1   -1   -1
 60  3457  C.ar    4.82   10.64   51.05  1.85   0.34  -0.1906   N    0.00    0.00    0.00    0.00    0.00    0.00 0 0 0 0 0   -1   -1   -1
 61  3458  C.ar    3.65    9.48   49.34  1.85   0.34  -0.1906   N    0.00    0.00    0.00    0.00    0.00    0.00 0 0 0 0 0   -1   -1   -1
 62  3459  C.ar    3.88   10.24   52.02  1.85   0.34  -0.2341   N    0.00    0.00    0.00    0.00    0.00    0.00 0 0 0 0 0   -1   -1   -1
 63  3460  C.ar    2.74    9.05   50.24  1.85   0.34  -0.2341   N    0.00    0.00    0.00    0.00    0.00    0.00 0 0 0 0 0   -1   -1   -1
 64  3461  C.ar    2.83    9.42   51.64  1.85  -0.15   0.3226   N    0.00    0.00    0.00    0.00    0.00    0.00 0 0 0 0 0   -1   -1   -1
 65  3462   O.3    1.94    8.87   52.51  1.74   0.08  -0.5579   P    1.29    8.47   53.15   -0.29    0.91    0.29 2 1 2 1 3   -1   -1   -1
 66  5801   O.2   -1.64   15.87   49.50  1.66  -0.40  -0.5679   P   -2.03   14.95   49.59    0.89   -0.40   -0.21 2 0 1 0 2   -1   -1   -1
 67  5833   C.2   -4.44   15.13   52.64  1.90  -0.03   0.7341   N    0.00    0.00    0.00    0.00    0.00    0.00 0 0 0 0 0   -1   -1   -1
 68  5855  N.am   -3.80   14.41   51.76  1.83  -0.10  -0.4157   P   -3.10   14.90   51.23    0.00    0.00    0.00 0 1 0 0 1   -1   -1   -1
 69  5856   C.3   -3.96   12.97   51.43  1.94  -0.31   0.0188   N    0.00    0.00    0.00    0.00    0.00    0.00 0 0 0 0 0   -1   -1   -1
 70  5857   C.2   -3.03   12.05   52.19  1.90  -0.03   0.5973   N    0.00    0.00    0.00    0.00    0.00    0.00 0 0 0 0 0   -1   -1   -1
 71  5858   O.2   -3.32   10.90   52.12  1.66  -0.40  -0.5679   P   -3.56    9.93   52.06    0.64   -0.12   -0.76 2 0 2 0 2   -1   -1   -1
 72  5859   C.3   -3.80   12.79   49.89  1.94  -0.01  -0.0462   N    0.00    0.00    0.00    0.00    0.00    0.00 0 0 0 0 0   -1   -1   -1
 73  5860  C.ar   -4.85   13.43   48.96  1.90  -0.03  -0.0266   N    0.00    0.00    0.00    0.00    0.00    0.00 0 0 0 0 0   -1   -1   -1
 74  5861  C.ar   -4.73   14.45   48.01  1.90  -0.31   0.1292   N    0.00    0.00    0.00    0.00    0.00    0.00 0 0 0 0 0   -1   -1   -1
 75  5862  N.ar   -6.19   12.95   48.77  1.87   0.14  -0.3811   P   -6.64   12.22   49.29    0.00    0.00    0.00 1 1 1 1 1   76   -1   74
 76  5863  C.ar   -6.73   13.69   47.73  1.90  -0.31   0.2057   N    0.00    0.00    0.00    0.00    0.00    0.00 0 0 0 0 0   -1   -1   -1
 77  5864  N.ar   -5.88   14.62   47.30  1.87   0.14  -0.5727   P   -6.05   15.31   46.59    0.00    0.00    0.00 1 1 1 1 1   74   -1   76
 78  5872  N.am   -2.03   12.58   52.96  1.83  -0.10  -0.4157   P   -2.15   13.52   53.28    0.00    0.00    0.00 0 1 0 0 1   -1   -1   -1
 79  5873   C.3   -0.76   11.87   53.37  1.94  -0.31  -0.0597   N    0.00    0.00    0.00    0.00    0.00    0.00 0 0 0 0 0   -1   -1   -1
 80  5874   C.2   -0.34   12.35   54.74  1.90  -0.03   0.5973   N    0.00    0.00    0.00    0.00    0.00    0.00 0 0 0 0 0   -1   -1   -1
 81  5876   C.3    0.37   11.98   52.34  1.94   0.13   0.1303   N    0.00    0.00    0.00    0.00    0.00    0.00 0 0 0 0 0   -1   -1   -1
 82  5877   C.3    0.80   13.40   52.04  1.94   0.36  -0.0430   N    0.00    0.00    0.00    0.00    0.00    0.00 0 0 0 0 0   -1   -1   -1
 83  5878   C.3   -0.05   11.33   51.05  1.94   0.53  -0.3204   N    0.00    0.00    0.00    0.00    0.00    0.00 0 0 0 0 0   -1   -1   -1
 84  5879   C.3    2.27   13.53   51.64  1.94   0.53  -0.0660   N    0.00    0.00    0.00    0.00    0.00    0.00 0 0 0 0 0   -1   -1   -1
 85  5910   C.3   -1.56    8.10   57.09  1.94  -0.01  -0.0462   N    0.00    0.00    0.00    0.00    0.00    0.00 0 0 0 0 0   -1   -1   -1
 86  5911  C.ar   -1.15    7.83   55.70  1.90  -0.03  -0.0266   N    0.00    0.00    0.00    0.00    0.00    0.00 0 0 0 0 0   -1   -1   -1
 87  5912  C.ar   -1.84    8.32   54.63  1.90  -0.31   0.1292   N    0.00    0.00    0.00    0.00    0.00    0.00 0 0 0 0 0   -1   -1   -1
 88  5913  N.ar   -0.15    7.00   55.19  1.87   0.14  -0.3811   P    0.47    6.42   55.73    0.00    0.00    0.00 1 1 1 1 1   89   -1   87
 89  5914  C.ar   -0.16    7.11   53.86  1.90  -0.31   0.2057   N    0.00    0.00    0.00    0.00    0.00    0.00 0 0 0 0 0   -1   -1   -1
 90  5915  N.ar   -1.24    7.84   53.53  1.87   0.14  -0.5727   P   -1.55    8.00   52.59    0.00    0.00    0.00 1 1 1 1 1   87   -1   89
<End>
