#
# This file is create by LigBuilder/Cavity.
# It stores the parameters for the pocket atoms.
# Creation time: Tue Apr  7 19:56:46 2026
#
# 1st column: ID of the atom
# 2nd column: ID of the atom in the original PDB file
# 3rd column: atom type
# 4th column: X coordinate
# 5th column: Y coordinate
# 6th column: Z coordinate
# 7th column: vdw radius
# 8th column: atomic hydrophobic scale
# 9th column: H-bond character
# 10th column: H-bond root X coordinate
# 11th column: H-bond root Y coordinate
# 12th column: H-bond root Z coordinate
#
<Start>
<Atom_number> 147
  1  3116   O.2   12.56   25.97   40.82  1.66  -0.40  -0.5679   P   11.57   26.10   40.91    0.16    0.76    0.63 2 0 1 0 2   -1   -1   -1
  2  3131   C.3   13.99   27.10   38.64  1.94  -0.31  -0.2400   N    0.00    0.00    0.00    0.00    0.00    0.00 0 0 0 0 0   -1   -1   -1
  3  3132   C.2   13.24   26.13   37.67  1.90  -0.03   0.7341   N    0.00    0.00    0.00    0.00    0.00    0.00 0 0 0 0 0   -1   -1   -1
  4  3133   O.2   13.81   25.09   37.32  1.66  -0.40  -0.5894   P   14.27   24.25   37.04   -0.48   -0.50    0.72 2 0 2 0 2   -1   -1   -1
  5  3136   C.3   13.66   29.65   36.56  1.94   0.36  -0.0479   N    0.00    0.00    0.00    0.00    0.00    0.00 0 0 0 0 0   -1   -1   -1
  6  3137   C.3   12.88   29.69   35.26  1.94  -0.14  -0.0143   N    0.00    0.00    0.00    0.00    0.00    0.00 0 0 0 0 0   -1   -1   -1
  7  3138   N.4   13.46   30.51   34.22  1.86  -2.00  -0.3854   P   13.86   31.08   33.50    0.41   -0.81   -0.41 0 3 0 1 3   -1   -1   -1
  8  3152  N.am   12.04   26.50   37.13  1.83  -0.10  -0.4157   P   11.57   27.30   37.51    0.00    0.00    0.00 0 1 0 0 1   -1   -1   -1
  9  3153   C.3   11.42   25.81   36.05  1.94  -0.31  -0.0024   N    0.00    0.00    0.00    0.00    0.00    0.00 0 0 0 0 0   -1   -1   -1
 10  3154   C.2   10.96   26.70   34.98  1.90  -0.03   0.5973   N    0.00    0.00    0.00    0.00    0.00    0.00 0 0 0 0 0   -1   -1   -1
 11  3155   O.2   10.42   27.83   35.20  1.66  -0.40  -0.5679   P   10.00   28.72   35.37    0.90    0.43    0.01 2 0 2 0 2   -1   -1   -1
 12  3156   C.3   10.19   25.03   36.54  1.94  -0.01  -0.0343   N    0.00    0.00    0.00    0.00    0.00    0.00 0 0 0 0 0   -1   -1   -1
 13  3157  C.ar    9.57   24.17   35.51  1.85   0.30   0.0118   N    0.00    0.00    0.00    0.00    0.00    0.00 0 0 0 0 0   -1   -1   -1
 14  3158  C.ar    8.43   24.70   34.85  1.85   0.34  -0.1256   N    0.00    0.00    0.00    0.00    0.00    0.00 0 0 0 0 0   -1   -1   -1
 15  3159  C.ar   10.30   23.06   35.04  1.85   0.34  -0.1256   N    0.00    0.00    0.00    0.00    0.00    0.00 0 0 0 0 0   -1   -1   -1
 16  3160  C.ar    7.95   23.96   33.81  1.85   0.34  -0.1704   N    0.00    0.00    0.00    0.00    0.00    0.00 0 0 0 0 0   -1   -1   -1
 17  3161  C.ar    9.73   22.32   34.00  1.85   0.34  -0.1704   N    0.00    0.00    0.00    0.00    0.00    0.00 0 0 0 0 0   -1   -1   -1
 18  3162  C.ar    8.54   22.74   33.36  1.85   0.34  -0.1072   N    0.00    0.00    0.00    0.00    0.00    0.00 0 0 0 0 0   -1   -1   -1
 19  3172  N.am   11.19   26.25   33.78  1.83  -0.10  -0.4157   P   11.78   25.45   33.69    0.00    0.00    0.00 0 1 0 1 1   -1   -1   -1
 20  3173   C.3   10.66   26.82   32.57  1.94  -0.30  -0.0252   N    0.00    0.00    0.00    0.00    0.00    0.00 0 0 0 0 0   -1   -1   -1
 21  3174   C.2   11.68   27.76   31.85  1.90  -0.03   0.5973   N    0.00    0.00    0.00    0.00    0.00    0.00 0 0 0 0 0   -1   -1   -1
 22  3175   O.2   11.82   28.93   32.20  1.66  -0.40  -0.5679   P   11.93   29.88   32.48    0.72   -0.28    0.64 2 0 1 0 2   -1   -1   -1
 23  3179  N.am   12.40   27.27   30.82  1.83  -0.10  -0.5163   P   12.10   26.37   30.51    0.00    0.00    0.00 0 1 0 1 1   -1   -1   -1
 24  3269   C.2    8.98   20.34   38.01  1.90  -0.03   0.5973   N    0.00    0.00    0.00    0.00    0.00    0.00 0 0 0 0 0   -1   -1   -1
 25  3270   O.2    9.08   21.29   38.83  1.66  -0.40  -0.5679   P    9.16   22.04   39.48    0.64    0.46   -0.61 2 0 1 0 2   -1   -1   -1
 26  3274  N.am    8.06   20.36   37.07  1.83  -0.10  -0.5163   P    8.24   19.82   36.25    0.00    0.00    0.00 0 1 0 1 1   -1   -1   -1
 27  3275   C.3    6.80   21.09   37.10  1.94  -0.31   0.0381   N    0.00    0.00    0.00    0.00    0.00    0.00 0 0 0 0 0   -1   -1   -1
 28  3276   C.2    6.05   20.59   38.41  1.90  -0.03   0.5366   N    0.00    0.00    0.00    0.00    0.00    0.00 0 0 0 0 0   -1   -1   -1
 29  3277   O.2    6.25   19.43   38.79  1.66  -0.40  -0.5819   P    6.41   18.49   39.10    0.68    0.33    0.65 2 0 1 0 2   -1   -1   -1
 30  3278   C.3    6.01   20.97   35.74  1.94   0.01  -0.0303   N    0.00    0.00    0.00    0.00    0.00    0.00 0 0 0 0 0   -1   -1   -1
 31  3279   C.2    4.64   21.65   35.63  1.90  -0.03   0.7994   N    0.00    0.00    0.00    0.00    0.00    0.00 0 0 0 0 0   -1   -1   -1
 32  3280 O.co2    4.34   22.50   36.48  1.66  -0.88  -0.8014   P    4.10   23.19   37.17    0.44    0.71   -0.55 2 0 1 0 2   -1   -1   -1
 33  3281 O.co2    3.88   21.38   34.68  1.66  -0.88  -0.8014   P    3.27   21.16   33.92   -0.44   -0.71    0.55 2 0 2 0 2   -1   -1   -1
 34  3286  N.am    5.08   21.30   39.06  1.83  -0.10  -0.4157   P    4.85   22.18   38.64    0.00    0.00    0.00 0 1 0 0 1   -1   -1   -1
 35  3287   C.3    4.33   20.98   40.26  1.94  -0.31  -0.0597   N    0.00    0.00    0.00    0.00    0.00    0.00 0 0 0 0 0   -1   -1   -1
 36  3288   C.2    3.48   19.74   40.00  1.90  -0.03   0.5973   N    0.00    0.00    0.00    0.00    0.00    0.00 0 0 0 0 0   -1   -1   -1
 37  3289   O.2    3.10   19.01   40.92  1.66  -0.40  -0.5679   P    2.79   18.42   41.67   -0.80    0.59    0.14 2 0 2 0 2   -1   -1   -1
 38  3290   C.3    3.88   22.17   41.04  1.94   0.13   0.1303   N    0.00    0.00    0.00    0.00    0.00    0.00 0 0 0 0 0   -1   -1   -1
 39  3291   C.3    2.96   21.72   42.24  1.94   0.36  -0.0430   N    0.00    0.00    0.00    0.00    0.00    0.00 0 0 0 0 0   -1   -1   -1
 40  3292   C.3    3.18   23.22   40.20  1.94   0.53  -0.3204   N    0.00    0.00    0.00    0.00    0.00    0.00 0 0 0 0 0   -1   -1   -1
 41  3293   C.3    2.78   22.72   43.45  1.94   0.53  -0.0660   N    0.00    0.00    0.00    0.00    0.00    0.00 0 0 0 0 0   -1   -1   -1
 42  3305  N.am    3.06   19.45   38.78  1.83  -0.10  -0.4157   P    3.29   20.12   38.08    0.00    0.00    0.00 0 1 0 1 1   -1   -1   -1
 43  3306   C.3    2.31   18.30   38.32  1.94  -0.31  -0.0389   N    0.00    0.00    0.00    0.00    0.00    0.00 0 0 0 0 0   -1   -1   -1
 44  3309   C.3    2.05   18.32   36.81  1.94  -0.20   0.3654   N    0.00    0.00    0.00    0.00    0.00    0.00 0 0 0 0 0   -1   -1   -1
 45  3310   C.3    1.11   19.39   36.44  1.94   0.53  -0.2438   N    0.00    0.00    0.00    0.00    0.00    0.00 0 0 0 0 0   -1   -1   -1
 46  3311   O.3    3.27   18.54   36.10  1.74  -0.47  -0.6761   P    4.12   18.69   35.60    0.11   -0.99   -0.11 2 1 2 1 3   -1   -1   -1
 47  3515   C.2    9.16   24.32   42.88  1.90  -0.03   0.5973   N    0.00    0.00    0.00    0.00    0.00    0.00 0 0 0 0 0   -1   -1   -1
 48  3518   C.3    8.16   25.36   45.89  1.94   0.53  -0.3192   N    0.00    0.00    0.00    0.00    0.00    0.00 0 0 0 0 0   -1   -1   -1
 49  3529  N.am    8.53   24.35   41.68  1.83   0.08  -0.2548   N    0.00    0.00    0.00    0.00    0.00    0.00 0 0 0 0 0   -1   -1   -1
 50  3530   C.3    9.14   25.08   40.65  1.94  -0.31  -0.0266   N    0.00    0.00    0.00    0.00    0.00    0.00 0 0 0 0 0   -1   -1   -1
 51  3531   C.2    8.99   26.59   40.84  1.90  -0.03   0.5896   N    0.00    0.00    0.00    0.00    0.00    0.00 0 0 0 0 0   -1   -1   -1
 52  3532   O.2    8.02   27.02   41.41  1.66  -0.40  -0.5748   P    7.21   27.38   41.88    0.51    0.03    0.86 2 0 2 0 2   -1   -1   -1
 53  3533   C.3    8.45   24.69   39.42  1.94   0.36  -0.0070   N    0.00    0.00    0.00    0.00    0.00    0.00 0 0 0 0 0   -1   -1   -1
 54  3534   C.3    7.12   24.22   39.83  1.94   0.36   0.0189   N    0.00    0.00    0.00    0.00    0.00    0.00 0 0 0 0 0   -1   -1   -1
 55  3535   C.3    7.37   23.68   41.21  1.94  -0.14   0.0192   N    0.00    0.00    0.00    0.00    0.00    0.00 0 0 0 0 0   -1   -1   -1
 56  3543  N.am    9.94   27.25   40.25  1.83  -0.10  -0.4157   P   10.64   26.74   39.75    0.00    0.00    0.00 0 1 0 0 1   -1   -1   -1
 57  3544   C.3   10.02   28.74   40.29  1.94  -0.31  -0.0518   N    0.00    0.00    0.00    0.00    0.00    0.00 0 0 0 0 0   -1   -1   -1
 58  3545   C.2   10.18   29.41   38.91  1.90  -0.03   0.5973   N    0.00    0.00    0.00    0.00    0.00    0.00 0 0 0 0 0   -1   -1   -1
 59  3546   O.2   10.73   28.84   37.99  1.66  -0.40  -0.5679   P   11.18   28.37   37.23   -0.89   -0.18   -0.42 2 0 1 0 2   -1   -1   -1
 60  3547   C.3   11.22   29.13   41.32  1.94   0.36  -0.1102   N    0.00    0.00    0.00    0.00    0.00    0.00 0 0 0 0 0   -1   -1   -1
 61  3548   C.3   10.80   28.63   42.72  1.94   0.13   0.3531   N    0.00    0.00    0.00    0.00    0.00    0.00 0 0 0 0 0   -1   -1   -1
 62  3549   C.3   11.85   28.76   43.76  1.94   0.53  -0.4121   N    0.00    0.00    0.00    0.00    0.00    0.00 0 0 0 0 0   -1   -1   -1
 63  3550   C.3    9.66   29.51   43.24  1.94   0.53  -0.4121   N    0.00    0.00    0.00    0.00    0.00    0.00 0 0 0 0 0   -1   -1   -1
 64  3562  N.am    9.94   30.70   38.87  1.83  -0.10  -0.4157   P    9.43   31.09   39.63    0.00    0.00    0.00 0 1 0 0 1   -1   -1   -1
 65  3563   C.3   10.37   31.64   37.78  1.94  -0.31   0.0143   N    0.00    0.00    0.00    0.00    0.00    0.00 0 0 0 0 0   -1   -1   -1
 66  3564   C.2   11.76   32.42   38.03  1.90  -0.03   0.5973   N    0.00    0.00    0.00    0.00    0.00    0.00 0 0 0 0 0   -1   -1   -1
 67  3565   O.2   12.48   32.19   39.00  1.66  -0.40  -0.5679   P   13.07   32.00   39.79    0.48   -0.70   -0.52 2 0 2 0 2   -1   -1   -1
 68  3566   C.3    9.18   32.58   37.55  1.94  -0.01  -0.2041   N    0.00    0.00    0.00    0.00    0.00    0.00 0 0 0 0 0   -1   -1   -1
 69  3567   C.2    8.07   31.89   36.75  1.90  -0.03   0.7130   N    0.00    0.00    0.00    0.00    0.00    0.00 0 0 0 0 0   -1   -1   -1
 70  3568  N.am    7.19   32.65   36.18  1.83  -0.65  -0.9196   P    6.51   33.24   35.74    0.54   -0.00   -0.84 0 2 0 2 2   -1   -1   -1
 71  3569   O.2    7.90   30.70   36.64  1.66  -0.40  -0.5931   P    7.76   29.71   36.55   -0.54    0.00    0.84 2 0 2 0 2   -1   -1   -1
 72  3576  N.am   12.07   33.31   37.12  1.83  -0.10  -0.5163   P   11.44   33.48   36.36    0.00    0.00    0.00 0 1 0 1 1   -1   -1   -1
 73  3601   S.3   11.19   33.34   44.46  2.09   0.25  -0.2737   N    0.00    0.00    0.00    0.00    0.00    0.00 0 0 0 0 0   -1   -1   -1
 74  3602   C.3   10.57   32.37   45.85  1.94   0.53  -0.0536   N    0.00    0.00    0.00    0.00    0.00    0.00 0 0 0 0 0   -1   -1   -1
 75  3714   C.3    7.27   28.81   48.41  1.94   0.53  -0.4121   N    0.00    0.00    0.00    0.00    0.00    0.00 0 0 0 0 0   -1   -1   -1
 76  3715   C.3    9.28   29.12   47.08  1.94   0.53  -0.4121   N    0.00    0.00    0.00    0.00    0.00    0.00 0 0 0 0 0   -1   -1   -1
 77  5516   C.2   10.82   38.78   40.09  1.90  -0.03   0.5973   N    0.00    0.00    0.00    0.00    0.00    0.00 0 0 0 0 0   -1   -1   -1
 78  5517   O.2   10.11   39.79   40.18  1.66  -0.40  -0.5679   P    9.54   40.61   40.25    0.50    0.42   -0.75 2 0 2 0 2   -1   -1   -1
 79  5528  N.am   10.59   37.71   39.34  1.83  -0.10  -0.4157   P   11.33   37.07   39.16    0.00    0.00    0.00 0 1 0 0 1   -1   -1   -1
 80  5529   C.3    9.27   37.46   38.78  1.94  -0.31  -0.0014   N    0.00    0.00    0.00    0.00    0.00    0.00 0 0 0 0 0   -1   -1   -1
 81  5530   C.2    8.31   36.66   39.66  1.90  -0.03   0.5973   N    0.00    0.00    0.00    0.00    0.00    0.00 0 0 0 0 0   -1   -1   -1
 82  5531   O.2    7.12   36.68   39.36  1.66  -0.40  -0.5679   P    6.15   36.70   39.12    0.12   -0.85   -0.52 2 0 1 0 2   -1   -1   -1
 83  5532   C.3    9.51   36.78   37.38  1.94  -0.01  -0.0152   N    0.00    0.00    0.00    0.00    0.00    0.00 0 0 0 0 0   -1   -1   -1
 84  5533  C.ar    9.88   37.78   36.23  1.85   0.30  -0.0011   N    0.00    0.00    0.00    0.00    0.00    0.00 0 0 0 0 0   -1   -1   -1
 85  5534  C.ar   11.22   37.95   35.79  1.85   0.34  -0.1906   N    0.00    0.00    0.00    0.00    0.00    0.00 0 0 0 0 0   -1   -1   -1
 86  5535  C.ar    8.88   38.49   35.58  1.85   0.34  -0.1906   N    0.00    0.00    0.00    0.00    0.00    0.00 0 0 0 0 0   -1   -1   -1
 87  5536  C.ar   11.48   38.66   34.64  1.85   0.34  -0.2341   N    0.00    0.00    0.00    0.00    0.00    0.00 0 0 0 0 0   -1   -1   -1
 88  5537  C.ar    9.13   39.18   34.38  1.85   0.34  -0.2341   N    0.00    0.00    0.00    0.00    0.00    0.00 0 0 0 0 0   -1   -1   -1
 89  5538  C.ar   10.46   39.25   33.91  1.85  -0.15   0.3226   N    0.00    0.00    0.00    0.00    0.00    0.00 0 0 0 0 0   -1   -1   -1
 90  5549  N.am    8.75   36.06   40.74  1.83  -0.10  -0.4157   P    9.73   36.10   40.96    0.00    0.00    0.00 0 1 0 1 1   -1   -1   -1
 91  5550   C.3    7.85   35.34   41.63  1.94  -0.31   0.0143   N    0.00    0.00    0.00    0.00    0.00    0.00 0 0 0 0 0   -1   -1   -1
 92  5551   C.2    7.18   36.33   42.51  1.90  -0.03   0.5973   N    0.00    0.00    0.00    0.00    0.00    0.00 0 0 0 0 0   -1   -1   -1
 93  5552   O.2    7.67   36.66   43.60  1.66  -0.40  -0.5679   P    8.07   36.93   44.48    0.51    0.73   -0.45 2 0 2 0 2   -1   -1   -1
 94  5553   C.3    8.48   34.20   42.41  1.94  -0.01  -0.2041   N    0.00    0.00    0.00    0.00    0.00    0.00 0 0 0 0 0   -1   -1   -1
 95  5554   C.2    9.40   33.30   41.55  1.90  -0.03   0.7130   N    0.00    0.00    0.00    0.00    0.00    0.00 0 0 0 0 0   -1   -1   -1
 96  5555  N.am   10.53   33.72   41.20  1.83  -0.65  -0.9196   P   11.43   34.05   40.92    0.39   -0.34    0.85 0 2 0 1 2   -1   -1   -1
 97  5556   O.2    9.02   32.20   41.28  1.66  -0.40  -0.5931   P    8.70   31.28   41.05   -0.39    0.34   -0.85 2 0 1 0 2   -1   -1   -1
 98  5563  N.am    6.02   36.91   42.13  1.83  -0.10  -0.4157   P    5.67   36.62   41.24    0.00    0.00    0.00 0 1 0 1 1   -1   -1   -1
 99  5564   C.3    5.21   37.90   42.83  1.94  -0.31  -0.0249   N    0.00    0.00    0.00    0.00    0.00    0.00 0 0 0 0 0   -1   -1   -1
100  5565   C.2    4.60   37.18   44.01  1.90  -0.03   0.5973   N    0.00    0.00    0.00    0.00    0.00    0.00 0 0 0 0 0   -1   -1   -1
101  5566   O.2    4.44   35.95   43.97  1.66  -0.40  -0.5679   P    4.31   34.96   43.94    0.92   -0.13    0.36 2 0 1 0 2   -1   -1   -1
102  5567   C.3    4.17   38.49   41.90  1.94  -0.14   0.2117   N    0.00    0.00    0.00    0.00    0.00    0.00 0 0 0 0 0   -1   -1   -1
103  5568   O.3    4.76   38.88   40.66  1.74  -0.47  -0.6546   P    5.17   39.15   39.79    0.20   -0.96   -0.20 2 1 2 0 3   -1   -1   -1
104  5574  N.am    4.27   37.88   45.10  1.83   0.08  -0.2548   N    0.00    0.00    0.00    0.00    0.00    0.00 0 0 0 0 0   -1   -1   -1
105  5588  N.am    1.61   37.03   45.16  1.83  -0.10  -0.5163   P    1.83   37.91   44.75    0.00    0.00    0.00 0 1 0 0 1   -1   -1   -1
106  5589   C.3    0.36   36.36   44.80  1.94  -0.31   0.0397   N    0.00    0.00    0.00    0.00    0.00    0.00 0 0 0 0 0   -1   -1   -1
107  5590   C.2    0.62   34.98   44.09  1.90  -0.03   0.5366   N    0.00    0.00    0.00    0.00    0.00    0.00 0 0 0 0 0   -1   -1   -1
108  5592   C.3   -0.52   37.18   43.82  1.94   0.36   0.0560   N    0.00    0.00    0.00    0.00    0.00    0.00 0 0 0 0 0   -1   -1   -1
109  5596 O.co2    1.45   39.26   43.63  1.66  -0.88  -0.8188   P    2.33   38.96   43.26   -0.30    0.24   -0.92 2 0 1 0 2   -1   -1   -1
110  5603  N.am    1.65   34.89   43.23  1.83  -0.10  -0.4157   P    2.23   35.68   43.05    0.00    0.00    0.00 0 1 0 1 1   -1   -1   -1
111  5604   C.3    1.90   33.63   42.57  1.94  -0.31   0.0188   N    0.00    0.00    0.00    0.00    0.00    0.00 0 0 0 0 0   -1   -1   -1
112  5605   C.2    2.49   32.62   43.58  1.90  -0.03   0.5973   N    0.00    0.00    0.00    0.00    0.00    0.00 0 0 0 0 0   -1   -1   -1
113  5606   O.2    2.22   31.39   43.47  1.66  -0.40  -0.5679   P    2.01   30.42   43.38    0.89   -0.16   -0.42 2 0 1 0 2   -1   -1   -1
114  5607   C.3    2.83   33.77   41.35  1.94  -0.01  -0.0462   N    0.00    0.00    0.00    0.00    0.00    0.00 0 0 0 0 0   -1   -1   -1
115  5608  C.ar    2.71   32.60   40.37  1.90  -0.03  -0.0266   N    0.00    0.00    0.00    0.00    0.00    0.00 0 0 0 0 0   -1   -1   -1
116  5609  C.ar    3.25   31.33   40.52  1.90  -0.31   0.1292   N    0.00    0.00    0.00    0.00    0.00    0.00 0 0 0 0 0   -1   -1   -1
117  5610  N.ar    1.93   32.63   39.28  1.87   0.14  -0.3811   P    1.42   33.42   38.93    0.00    0.00    0.00 1 1 0 0 1  118   -1  116
118  5611  C.ar    1.96   31.40   38.75  1.90  -0.31   0.2057   N    0.00    0.00    0.00    0.00    0.00    0.00 0 0 0 0 0   -1   -1   -1
119  5612  N.ar    2.80   30.61   39.42  1.87   0.14  -0.5727   P    3.06   29.67   39.18    0.00    0.00    0.00 1 1 0 1 1  116   -1  118
120  5620  N.am    3.08   33.09   44.65  1.83  -0.10  -0.4157   P    3.06   34.08   44.81    0.00    0.00    0.00 0 1 0 0 1   -1   -1   -1
121  5621   C.3    3.78   32.23   45.64  1.94  -0.31  -0.0518   N    0.00    0.00    0.00    0.00    0.00    0.00 0 0 0 0 0   -1   -1   -1
122  5622   C.2    2.89   31.51   46.63  1.90  -0.03   0.5973   N    0.00    0.00    0.00    0.00    0.00    0.00 0 0 0 0 0   -1   -1   -1
123  5623   O.2    3.03   30.28   46.96  1.66  -0.40  -0.5679   P    3.14   29.32   47.22    0.50    0.28    0.82 2 0 1 0 2   -1   -1   -1
124  5624   C.3    4.93   32.96   46.40  1.94   0.36  -0.1102   N    0.00    0.00    0.00    0.00    0.00    0.00 0 0 0 0 0   -1   -1   -1
125  5625   C.3    6.10   33.22   45.45  1.94   0.13   0.3531   N    0.00    0.00    0.00    0.00    0.00    0.00 0 0 0 0 0   -1   -1   -1
126  5626   C.3    7.22   33.99   46.23  1.94   0.53  -0.4121   N    0.00    0.00    0.00    0.00    0.00    0.00 0 0 0 0 0   -1   -1   -1
127  5627   C.3    6.69   31.95   44.86  1.94   0.53  -0.4121   N    0.00    0.00    0.00    0.00    0.00    0.00 0 0 0 0 0   -1   -1   -1
128  5651   C.3   -1.14   30.08   44.88  1.94  -0.31  -0.2637   N    0.00    0.00    0.00    0.00    0.00    0.00 0 0 0 0 0   -1   -1   -1
129  5652   C.2   -0.38   28.76   44.66  1.90  -0.03   0.7341   N    0.00    0.00    0.00    0.00    0.00    0.00 0 0 0 0 0   -1   -1   -1
130  5653   O.2   -0.98   27.74   44.42  1.66  -0.40  -0.5894   P   -1.48   26.90   44.22    0.02    0.22   -0.98 2 0 2 0 2   -1   -1   -1
131  5654   C.3   -1.48   30.84   43.61  1.94   0.36  -0.0007   N    0.00    0.00    0.00    0.00    0.00    0.00 0 0 0 0 0   -1   -1   -1
132  5655   C.3   -2.17   29.85   42.65  1.94   0.36   0.0390   N    0.00    0.00    0.00    0.00    0.00    0.00 0 0 0 0 0   -1   -1   -1
133  5656   C.3   -2.80   30.62   41.45  1.94  -0.14   0.0486   N    0.00    0.00    0.00    0.00    0.00    0.00 0 0 0 0 0   -1   -1   -1
134  5657 N.pl3   -1.87   31.53   40.78  1.83  -0.10  -0.5295   P   -0.99   31.12   40.55    0.00    0.00    0.00 0 1 0 1 1   -1   -1   -1
135  5658 C.cat   -1.98   32.81   40.42  1.90   0.00   0.8076   N    0.00    0.00    0.00    0.00    0.00    0.00 0 0 0 0 0   -1   -1   -1
136  5660 N.pl3   -0.97   33.40   39.84  1.83  -0.65  -0.8627   P   -0.20   33.85   39.40   -0.49   -0.01   -0.87 0 2 0 1 2   -1   -1   -1
137  5674  N.am    0.95   28.76   44.69  1.83  -0.10  -0.4157   P    1.37   29.67   44.72    0.00    0.00    0.00 0 1 0 0 1   -1   -1   -1
138  5675   C.3    1.91   27.62   44.68  1.94  -0.31  -0.0597   N    0.00    0.00    0.00    0.00    0.00    0.00 0 0 0 0 0   -1   -1   -1
139  5676   C.2    1.82   26.83   45.95  1.90  -0.03   0.5973   N    0.00    0.00    0.00    0.00    0.00    0.00 0 0 0 0 0   -1   -1   -1
140  5677   O.2    1.45   25.64   45.88  1.66  -0.40  -0.5679   P    1.15   24.69   45.82    0.95   -0.29   -0.12 2 0 1 0 2   -1   -1   -1
141  5678   C.3    3.38   28.05   44.40  1.94   0.13   0.1303   N    0.00    0.00    0.00    0.00    0.00    0.00 0 0 0 0 0   -1   -1   -1
142  5679   C.3    3.63   28.35   42.92  1.94   0.36  -0.0430   N    0.00    0.00    0.00    0.00    0.00    0.00 0 0 0 0 0   -1   -1   -1
143  5680   C.3    4.45   27.00   44.92  1.94   0.53  -0.3204   N    0.00    0.00    0.00    0.00    0.00    0.00 0 0 0 0 0   -1   -1   -1
144  5681   C.3    3.43   27.18   41.94  1.94   0.53  -0.0660   N    0.00    0.00    0.00    0.00    0.00    0.00 0 0 0 0 0   -1   -1   -1
145  5736   C.3   -0.66   23.61   44.34  1.94   0.36  -0.0094   N    0.00    0.00    0.00    0.00    0.00    0.00 0 0 0 0 0   -1   -1   -1
146  5737   C.3   -0.82   22.22   43.66  1.94   0.36   0.0187   N    0.00    0.00    0.00    0.00    0.00    0.00 0 0 0 0 0   -1   -1   -1
147  5738   C.3   -2.34   22.09   43.47  1.94   0.36  -0.0479   N    0.00    0.00    0.00    0.00    0.00    0.00 0 0 0 0 0   -1   -1   -1
<End>
