#
# This file is create by LigBuilder/Cavity.
# It stores the parameters for the pocket atoms.
# Creation time: Tue Apr  7 19:55:55 2026
#
# 1st column: ID of the atom
# 2nd column: ID of the atom in the original PDB file
# 3rd column: atom type
# 4th column: X coordinate
# 5th column: Y coordinate
# 6th column: Z coordinate
# 7th column: vdw radius
# 8th column: atomic hydrophobic scale
# 9th column: H-bond character
# 10th column: H-bond root X coordinate
# 11th column: H-bond root Y coordinate
# 12th column: H-bond root Z coordinate
#
<Start>
<Atom_number> 106
  1   626   C.2   41.23   25.70   59.28  1.90  -0.03   0.5973   N    0.00    0.00    0.00    0.00    0.00    0.00 0 0 0 0 0   -1   -1   -1
  2   627   O.2   41.58   25.97   60.40  1.66  -0.40  -0.5679   P   41.87   26.19   61.33    0.96   -0.12   -0.27 2 0 2 0 2   -1   -1   -1
  3   640  N.am   41.10   26.74   58.37  1.83  -0.10  -0.4157   P   40.66   26.55   57.49    0.00    0.00    0.00 0 1 0 0 1   -1   -1   -1
  4   641   C.3   41.58   28.12   58.64  1.94  -0.31  -0.0249   N    0.00    0.00    0.00    0.00    0.00    0.00 0 0 0 0 0   -1   -1   -1
  5   642   C.2   40.69   28.91   59.61  1.90  -0.03   0.5973   N    0.00    0.00    0.00    0.00    0.00    0.00 0 0 0 0 0   -1   -1   -1
  6   643   O.2   41.11   29.78   60.31  1.66  -0.40  -0.5679   P   41.46   30.51   60.90   -0.15    0.66   -0.73 2 0 2 0 2   -1   -1   -1
  7   644   C.3   41.82   28.92   57.35  1.94  -0.14   0.2117   N    0.00    0.00    0.00    0.00    0.00    0.00 0 0 0 0 0   -1   -1   -1
  8   645   O.3   42.50   28.10   56.38  1.74  -0.47  -0.6546   P   42.97   27.53   55.71   -0.41   -0.82    0.41 2 1 2 0 3   -1   -1   -1
  9   651  N.am   39.36   28.63   59.63  1.83  -0.10  -0.4157   P   38.99   28.10   58.87    0.00    0.00    0.00 0 1 0 0 1   -1   -1   -1
 10   652   C.3   38.41   29.05   60.71  1.94  -0.31  -0.0014   N    0.00    0.00    0.00    0.00    0.00    0.00 0 0 0 0 0   -1   -1   -1
 11   653   C.2   38.40   28.11   61.88  1.90  -0.03   0.5973   N    0.00    0.00    0.00    0.00    0.00    0.00 0 0 0 0 0   -1   -1   -1
 12   654   O.2   37.68   28.32   62.80  1.66  -0.40  -0.5679   P   37.07   28.50   63.58   -0.71   -0.56   -0.43 2 0 2 0 2   -1   -1   -1
 13   655   C.3   37.16   29.39   60.04  1.94  -0.01  -0.0152   N    0.00    0.00    0.00    0.00    0.00    0.00 0 0 0 0 0   -1   -1   -1
 14   656  C.ar   37.18   30.62   59.18  1.85   0.30  -0.0011   N    0.00    0.00    0.00    0.00    0.00    0.00 0 0 0 0 0   -1   -1   -1
 15   657  C.ar   37.53   31.87   59.70  1.85   0.34  -0.1906   N    0.00    0.00    0.00    0.00    0.00    0.00 0 0 0 0 0   -1   -1   -1
 16   658  C.ar   36.91   30.39   57.82  1.85   0.34  -0.1906   N    0.00    0.00    0.00    0.00    0.00    0.00 0 0 0 0 0   -1   -1   -1
 17   659  C.ar   37.40   32.92   58.78  1.85   0.34  -0.2341   N    0.00    0.00    0.00    0.00    0.00    0.00 0 0 0 0 0   -1   -1   -1
 18   660  C.ar   36.69   31.49   56.97  1.85   0.34  -0.2341   N    0.00    0.00    0.00    0.00    0.00    0.00 0 0 0 0 0   -1   -1   -1
 19   661  C.ar   36.96   32.83   57.46  1.85  -0.15   0.3226   N    0.00    0.00    0.00    0.00    0.00    0.00 0 0 0 0 0   -1   -1   -1
 20   662   O.3   36.74   33.98   56.79  1.74   0.08  -0.5579   P   36.58   34.83   56.29    0.68   -0.27   -0.68 2 1 2 0 3   -1   -1   -1
 21   672  N.am   39.18   27.07   61.94  1.83  -0.10  -0.4157   P   39.64   26.88   61.07    0.00    0.00    0.00 0 1 0 1 1   -1   -1   -1
 22   673   C.3   39.54   26.10   63.02  1.94  -0.31   0.0143   N    0.00    0.00    0.00    0.00    0.00    0.00 0 0 0 0 0   -1   -1   -1
 23   674   C.2   38.32   25.26   63.47  1.90  -0.03   0.5973   N    0.00    0.00    0.00    0.00    0.00    0.00 0 0 0 0 0   -1   -1   -1
 24   675   O.2   38.41   24.66   64.51  1.66  -0.40  -0.5679   P   38.48   24.16   65.37   -0.57    0.69    0.45 2 0 1 0 2   -1   -1   -1
 25   676   C.3   40.19   26.94   64.12  1.94  -0.01  -0.2041   N    0.00    0.00    0.00    0.00    0.00    0.00 0 0 0 0 0   -1   -1   -1
 26   677   C.2   40.91   25.95   65.05  1.90  -0.03   0.7130   N    0.00    0.00    0.00    0.00    0.00    0.00 0 0 0 0 0   -1   -1   -1
 27   678  N.am   41.03   26.12   66.33  1.83  -0.65  -0.9196   P   41.12   26.25   67.32   -0.87   -0.48    0.14 0 2 0 2 2   -1   -1   -1
 28   679   O.2   41.40   24.91   64.56  1.66  -0.40  -0.5931   P   41.79   24.08   64.17    0.87    0.48   -0.14 2 0 2 0 2   -1   -1   -1
 29   686  N.am   37.35   25.04   62.58  1.83  -0.10  -0.4157   P   37.51   25.27   61.62    0.00    0.00    0.00 0 1 0 0 1   -1   -1   -1
 30   687   C.3   36.07   24.48   62.97  1.94  -0.31  -0.0518   N    0.00    0.00    0.00    0.00    0.00    0.00 0 0 0 0 0   -1   -1   -1
 31   688   C.2   36.14   22.91   63.14  1.90  -0.03   0.5973   N    0.00    0.00    0.00    0.00    0.00    0.00 0 0 0 0 0   -1   -1   -1
 32   689   O.2   35.46   22.33   64.02  1.66  -0.40  -0.5679   P   34.92   21.87   64.72   -0.67   -0.26   -0.69 2 0 1 0 2   -1   -1   -1
 33   690   C.3   35.11   24.89   61.88  1.94   0.36  -0.1102   N    0.00    0.00    0.00    0.00    0.00    0.00 0 0 0 0 0   -1   -1   -1
 34   691   C.3   34.93   26.41   61.65  1.94   0.13   0.3531   N    0.00    0.00    0.00    0.00    0.00    0.00 0 0 0 0 0   -1   -1   -1
 35   692   C.3   34.19   26.61   60.27  1.94   0.53  -0.4121   N    0.00    0.00    0.00    0.00    0.00    0.00 0 0 0 0 0   -1   -1   -1
 36   693   C.3   34.14   26.98   62.82  1.94   0.53  -0.4121   N    0.00    0.00    0.00    0.00    0.00    0.00 0 0 0 0 0   -1   -1   -1
 37   705  N.am   37.08   22.28   62.47  1.83  -0.10  -0.4157   P   37.59   22.81   61.79    0.00    0.00    0.00 0 1 0 1 1   -1   -1   -1
 38   726  N.am   38.50   21.25   64.82  1.83  -0.10  -0.3479   P   38.75   22.16   64.48    0.00    0.00    0.00 0 1 0 0 1   -1   -1   -1
 39   730   C.3   39.31   22.12   66.86  1.94   0.36  -0.0094   N    0.00    0.00    0.00    0.00    0.00    0.00 0 0 0 0 0   -1   -1   -1
 40   731   C.3   39.99   21.73   68.18  1.94   0.36   0.0187   N    0.00    0.00    0.00    0.00    0.00    0.00 0 0 0 0 0   -1   -1   -1
 41   732   C.3   40.63   23.04   68.79  1.94   0.36  -0.0479   N    0.00    0.00    0.00    0.00    0.00    0.00 0 0 0 0 0   -1   -1   -1
 42   733   C.3   41.31   22.66   70.05  1.94  -0.14  -0.0143   N    0.00    0.00    0.00    0.00    0.00    0.00 0 0 0 0 0   -1   -1   -1
 43   734   N.4   42.01   23.79   70.75  1.86  -2.00  -0.3854   P   42.48   24.54   71.22    0.71    0.00   -0.71 0 3 0 3 3   -1   -1   -1
 44   752   C.3   34.25   21.90   67.47  1.94  -0.01  -0.0152   N    0.00    0.00    0.00    0.00    0.00    0.00 0 0 0 0 0   -1   -1   -1
 45   753  C.ar   34.90   23.13   67.97  1.85   0.30  -0.0011   N    0.00    0.00    0.00    0.00    0.00    0.00 0 0 0 0 0   -1   -1   -1
 46   754  C.ar   35.25   24.16   67.07  1.85   0.34  -0.1906   N    0.00    0.00    0.00    0.00    0.00    0.00 0 0 0 0 0   -1   -1   -1
 47   755  C.ar   35.22   23.33   69.34  1.85   0.34  -0.1906   N    0.00    0.00    0.00    0.00    0.00    0.00 0 0 0 0 0   -1   -1   -1
 48   756  C.ar   36.05   25.24   67.42  1.85   0.34  -0.2341   N    0.00    0.00    0.00    0.00    0.00    0.00 0 0 0 0 0   -1   -1   -1
 49   757  C.ar   36.22   24.29   69.65  1.85   0.34  -0.2341   N    0.00    0.00    0.00    0.00    0.00    0.00 0 0 0 0 0   -1   -1   -1
 50   758  C.ar   36.57   25.27   68.71  1.85  -0.15   0.3226   N    0.00    0.00    0.00    0.00    0.00    0.00 0 0 0 0 0   -1   -1   -1
 51   759   O.3   37.30   26.31   69.19  1.74   0.08  -0.5579   P   37.84   27.08   69.54    0.70   -0.17   -0.70 2 1 1 1 3   -1   -1   -1
 52  4968   C.3   32.08   23.17   64.07  1.94   0.53  -0.4121   N    0.00    0.00    0.00    0.00    0.00    0.00 0 0 0 0 0   -1   -1   -1
 53  4995  N.am   28.78   28.16   65.82  1.83  -0.10  -0.3479   P   28.72   27.55   65.03    0.00    0.00    0.00 0 1 0 0 1   -1   -1   -1
 54  4996   C.3   30.03   28.96   65.95  1.94  -0.31  -0.2400   N    0.00    0.00    0.00    0.00    0.00    0.00 0 0 0 0 0   -1   -1   -1
 55  4997   C.2   30.24   30.09   64.90  1.90  -0.03   0.7341   N    0.00    0.00    0.00    0.00    0.00    0.00 0 0 0 0 0   -1   -1   -1
 56  4998   O.2   31.36   30.60   64.70  1.66  -0.40  -0.5894   P   32.26   31.01   64.54    0.20   -0.71   -0.67 2 0 2 0 2   -1   -1   -1
 57  4999   C.3   31.25   27.98   65.96  1.94   0.36  -0.0094   N    0.00    0.00    0.00    0.00    0.00    0.00 0 0 0 0 0   -1   -1   -1
 58  5000   C.3   31.54   27.59   67.34  1.94   0.36   0.0187   N    0.00    0.00    0.00    0.00    0.00    0.00 0 0 0 0 0   -1   -1   -1
 59  5001   C.3   32.79   26.74   67.31  1.94   0.36  -0.0479   N    0.00    0.00    0.00    0.00    0.00    0.00 0 0 0 0 0   -1   -1   -1
 60  5002   C.3   33.02   26.08   68.72  1.94  -0.14  -0.0143   N    0.00    0.00    0.00    0.00    0.00    0.00 0 0 0 0 0   -1   -1   -1
 61  5003   N.4   33.88   26.88   69.59  1.86  -2.00  -0.3854   P   34.47   27.43   70.19    0.71    0.01   -0.71 0 3 0 1 3   -1   -1   -1
 62  5017  N.am   29.20   30.54   64.11  1.83  -0.10  -0.4157   P   28.27   30.23   64.32    0.00    0.00    0.00 0 1 0 1 1   -1   -1   -1
 63  5036   C.2   31.88   34.35   65.65  1.90  -0.03   0.5973   N    0.00    0.00    0.00    0.00    0.00    0.00 0 0 0 0 0   -1   -1   -1
 64  5037   O.2   32.50   35.39   65.93  1.66  -0.40  -0.5679   P   33.00   36.23   66.16   -0.26   -0.11    0.96 2 0 2 0 2   -1   -1   -1
 65  5051  N.am   32.40   33.09   65.65  1.83  -0.10  -0.5163   P   31.73   32.35   65.63    0.00    0.00    0.00 0 1 0 1 1   -1   -1   -1
 66  5052   C.3   33.84   32.67   65.67  1.94  -0.31   0.0397   N    0.00    0.00    0.00    0.00    0.00    0.00 0 0 0 0 0   -1   -1   -1
 67  5053   C.2   34.46   32.55   64.27  1.90  -0.03   0.5366   N    0.00    0.00    0.00    0.00    0.00    0.00 0 0 0 0 0   -1   -1   -1
 68  5054   O.2   35.60   32.06   64.14  1.66  -0.40  -0.5819   P   36.51   31.67   64.04   -0.41   -0.90   -0.18 2 0 2 0 2   -1   -1   -1
 69  5055   C.3   34.03   31.40   66.51  1.94   0.36   0.0560   N    0.00    0.00    0.00    0.00    0.00    0.00 0 0 0 0 0   -1   -1   -1
 70  5056   C.3   33.31   31.54   67.90  1.94  -0.01   0.0136   N    0.00    0.00    0.00    0.00    0.00    0.00 0 0 0 0 0   -1   -1   -1
 71  5057   C.2   33.62   30.32   68.79  1.90  -0.03   0.8054   N    0.00    0.00    0.00    0.00    0.00    0.00 0 0 0 0 0   -1   -1   -1
 72  5058 O.co2   32.91   30.14   69.77  1.66  -0.88  -0.8188   P   32.33   29.99   70.57   -0.58   -0.62   -0.53 2 0 2 0 2   -1   -1   -1
 73  5059 O.co2   34.56   29.61   68.60  1.66  -0.88  -0.8188   P   35.35   29.01   68.44    0.58    0.62    0.53 2 0 1 0 2   -1   -1   -1
 74  5066  N.am   33.87   33.04   63.16  1.83  -0.10  -0.4157   P   32.93   33.35   63.29    0.00    0.00    0.00 0 1 0 1 1   -1   -1   -1
 75  5067   C.3   34.37   33.19   61.80  1.94  -0.31  -0.0237   N    0.00    0.00    0.00    0.00    0.00    0.00 0 0 0 0 0   -1   -1   -1
 76  5068   C.2   34.62   34.72   61.50  1.90  -0.03   0.5973   N    0.00    0.00    0.00    0.00    0.00    0.00 0 0 0 0 0   -1   -1   -1
 77  5070   C.3   33.50   32.56   60.78  1.94   0.36   0.0342   N    0.00    0.00    0.00    0.00    0.00    0.00 0 0 0 0 0   -1   -1   -1
 78  5071   C.3   33.40   31.06   60.91  1.94   0.36   0.0018   N    0.00    0.00    0.00    0.00    0.00    0.00 0 0 0 0 0   -1   -1   -1
 79  5083  N.am   35.87   35.23   61.45  1.83   0.08  -0.2548   N    0.00    0.00    0.00    0.00    0.00    0.00 0 0 0 0 0   -1   -1   -1
 80  5084   C.3   36.27   36.51   60.75  1.94  -0.31  -0.0266   N    0.00    0.00    0.00    0.00    0.00    0.00 0 0 0 0 0   -1   -1   -1
 81  5085   C.2   35.79   36.63   59.31  1.90  -0.03   0.5896   N    0.00    0.00    0.00    0.00    0.00    0.00 0 0 0 0 0   -1   -1   -1
 82  5086   O.2   35.61   35.67   58.53  1.66  -0.40  -0.5748   P   35.47   34.90   57.91   -0.93   -0.12    0.36 2 0 1 0 2   -1   -1   -1
 83  5087   C.3   37.82   36.57   60.84  1.94   0.36  -0.0070   N    0.00    0.00    0.00    0.00    0.00    0.00 0 0 0 0 0   -1   -1   -1
 84  5088   C.3   38.21   35.63   61.99  1.94   0.36   0.0189   N    0.00    0.00    0.00    0.00    0.00    0.00 0 0 0 0 0   -1   -1   -1
 85  5089   C.3   37.03   34.67   62.18  1.94  -0.14   0.0192   N    0.00    0.00    0.00    0.00    0.00    0.00 0 0 0 0 0   -1   -1   -1
 86  5097  N.am   35.49   37.87   58.94  1.83  -0.10  -0.5163   P   35.73   38.60   59.58    0.00    0.00    0.00 0 1 0 0 1   -1   -1   -1
 87  5099   C.2   35.91   38.50   56.66  1.90  -0.03   0.5366   N    0.00    0.00    0.00    0.00    0.00    0.00 0 0 0 0 0   -1   -1   -1
 88  5109  N.am   37.25   38.43   56.95  1.83  -0.10  -0.4157   P   37.51   38.33   57.91    0.00    0.00    0.00 0 1 0 1 1   -1   -1   -1
 89  5110   C.3   38.36   38.49   55.94  1.94  -0.31  -0.0031   N    0.00    0.00    0.00    0.00    0.00    0.00 0 0 0 0 0   -1   -1   -1
 90  5111   C.2   39.08   37.13   55.95  1.90  -0.03   0.5973   N    0.00    0.00    0.00    0.00    0.00    0.00 0 0 0 0 0   -1   -1   -1
 91  5112   O.2   39.45   36.74   57.04  1.66  -0.40  -0.5679   P   39.75   36.42   57.94   -0.91   -0.38    0.17 2 0 2 0 2   -1   -1   -1
 92  5113   C.3   39.28   39.63   56.24  1.94   0.36  -0.0036   N    0.00    0.00    0.00    0.00    0.00    0.00 0 0 0 0 0   -1   -1   -1
 93  5126  N.am   39.17   36.42   54.85  1.83  -0.10  -0.4157   P   38.73   36.78   54.03    0.00    0.00    0.00 0 1 0 0 1   -1   -1   -1
 94  5127   C.3   39.90   35.09   54.74  1.94  -0.31  -0.0597   N    0.00    0.00    0.00    0.00    0.00    0.00 0 0 0 0 0   -1   -1   -1
 95  5128   C.2   41.43   35.29   54.87  1.90  -0.03   0.5973   N    0.00    0.00    0.00    0.00    0.00    0.00 0 0 0 0 0   -1   -1   -1
 96  5129   O.2   42.07   36.07   54.13  1.66  -0.40  -0.5679   P   42.58   36.69   53.54   -0.17    0.75    0.64 2 0 2 0 2   -1   -1   -1
 97  5130   C.3   39.49   34.40   53.45  1.94   0.13   0.1303   N    0.00    0.00    0.00    0.00    0.00    0.00 0 0 0 0 0   -1   -1   -1
 98  5131   C.3   38.01   33.87   53.47  1.94   0.36  -0.0430   N    0.00    0.00    0.00    0.00    0.00    0.00 0 0 0 0 0   -1   -1   -1
 99  5132   C.3   40.25   33.08   53.19  1.94   0.53  -0.3204   N    0.00    0.00    0.00    0.00    0.00    0.00 0 0 0 0 0   -1   -1   -1
100  5145  N.am   41.92   34.55   55.86  1.83  -0.10  -0.4157   P   41.25   34.03   56.39    0.00    0.00    0.00 0 1 0 1 1   -1   -1   -1
101  5146   C.3   43.35   34.39   56.28  1.94  -0.31  -0.0249   N    0.00    0.00    0.00    0.00    0.00    0.00 0 0 0 0 0   -1   -1   -1
102  5147   C.2   44.27   33.65   55.30  1.90  -0.03   0.5973   N    0.00    0.00    0.00    0.00    0.00    0.00 0 0 0 0 0   -1   -1   -1
103  5148   O.2   43.80   33.03   54.41  1.66  -0.40  -0.5679   P   43.40   32.51   53.66   -0.06    0.83   -0.55 2 0 1 0 2   -1   -1   -1
104  5149   C.3   43.49   33.82   57.70  1.94  -0.14   0.2117   N    0.00    0.00    0.00    0.00    0.00    0.00 0 0 0 0 0   -1   -1   -1
105  5150   O.3   43.25   32.40   57.80  1.74  -0.47  -0.6546   P   43.08   31.42   57.87   -0.70    0.17    0.70 2 1 2 1 3   -1   -1   -1
106  5156  N.am   45.61   33.86   55.48  1.83  -0.10  -0.4157   P   45.93   34.51   56.17    0.00    0.00    0.00 0 1 0 1 1   -1   -1   -1
<End>
