#
# This file is create by LigBuilder/Cavity.
# It stores the parameters for the pocket atoms.
# Creation time: Tue Apr  7 19:56:40 2026
#
# 1st column: ID of the atom
# 2nd column: ID of the atom in the original PDB file
# 3rd column: atom type
# 4th column: X coordinate
# 5th column: Y coordinate
# 6th column: Z coordinate
# 7th column: vdw radius
# 8th column: atomic hydrophobic scale
# 9th column: H-bond character
# 10th column: H-bond root X coordinate
# 11th column: H-bond root Y coordinate
# 12th column: H-bond root Z coordinate
#
<Start>
<Atom_number> 132
  1   278  C.ar   41.14   11.61   39.62  1.85   0.34  -0.1906   N    0.00    0.00    0.00    0.00    0.00    0.00 0 0 0 0 0   -1   -1   -1
  2   280  C.ar   41.52   10.44   40.30  1.85   0.34  -0.2341   N    0.00    0.00    0.00    0.00    0.00    0.00 0 0 0 0 0   -1   -1   -1
  3   282  C.ar   41.41   10.37   41.72  1.85  -0.15   0.3226   N    0.00    0.00    0.00    0.00    0.00    0.00 0 0 0 0 0   -1   -1   -1
  4   283   O.3   41.98    9.27   42.28  1.74   0.08  -0.5579   P   42.40    8.46   42.69   -0.71   -0.01    0.71 2 1 2 1 3   -1   -1   -1
  5  1130  C.ar   27.85    5.28   33.73  1.85   0.34  -0.2341   N    0.00    0.00    0.00    0.00    0.00    0.00 0 0 0 0 0   -1   -1   -1
  6  1132   O.3   27.32    7.14   35.14  1.74   0.08  -0.5579   P   27.44    8.11   35.36    0.71    0.07   -0.71 2 1 2 0 3   -1   -1   -1
  7  1174   C.3   32.07    0.38   31.38  1.94  -0.31  -0.0024   N    0.00    0.00    0.00    0.00    0.00    0.00 0 0 0 0 0   -1   -1   -1
  8  1175   C.2   33.02    1.34   32.09  1.90  -0.03   0.5973   N    0.00    0.00    0.00    0.00    0.00    0.00 0 0 0 0 0   -1   -1   -1
  9  1176   O.2   34.19    1.40   31.69  1.66  -0.40  -0.5679   P   35.14    1.45   31.37   -0.23    0.80   -0.56 2 0 1 0 2   -1   -1   -1
 10  1177   C.3   30.95    1.23   30.80  1.94  -0.01  -0.0343   N    0.00    0.00    0.00    0.00    0.00    0.00 0 0 0 0 0   -1   -1   -1
 11  1178  C.ar   31.27    2.62   30.28  1.85   0.30   0.0118   N    0.00    0.00    0.00    0.00    0.00    0.00 0 0 0 0 0   -1   -1   -1
 12  1179  C.ar   31.02    3.69   31.25  1.85   0.34  -0.1256   N    0.00    0.00    0.00    0.00    0.00    0.00 0 0 0 0 0   -1   -1   -1
 13  1180  C.ar   31.66    2.99   28.96  1.85   0.34  -0.1256   N    0.00    0.00    0.00    0.00    0.00    0.00 0 0 0 0 0   -1   -1   -1
 14  1181  C.ar   31.18    5.04   30.86  1.85   0.34  -0.1704   N    0.00    0.00    0.00    0.00    0.00    0.00 0 0 0 0 0   -1   -1   -1
 15  1182  C.ar   31.85    4.32   28.58  1.85   0.34  -0.1704   N    0.00    0.00    0.00    0.00    0.00    0.00 0 0 0 0 0   -1   -1   -1
 16  1183  C.ar   31.67    5.33   29.55  1.85   0.34  -0.1072   N    0.00    0.00    0.00    0.00    0.00    0.00 0 0 0 0 0   -1   -1   -1
 17  1193  N.am   32.60    2.01   33.22  1.83  -0.10  -0.4157   P   31.64    1.86   33.45    0.00    0.00    0.00 0 1 0 0 1   -1   -1   -1
 18  1194   C.3   33.31    2.92   34.16  1.94  -0.31  -0.0518   N    0.00    0.00    0.00    0.00    0.00    0.00 0 0 0 0 0   -1   -1   -1
 19  1195   C.2   34.64    2.25   34.46  1.90  -0.03   0.5973   N    0.00    0.00    0.00    0.00    0.00    0.00 0 0 0 0 0   -1   -1   -1
 20  1196   O.2   35.68    2.82   34.18  1.66  -0.40  -0.5679   P   36.53    3.29   33.95    0.10    0.28    0.95 2 0 2 0 2   -1   -1   -1
 21  1197   C.3   32.46    3.24   35.41  1.94   0.36  -0.1102   N    0.00    0.00    0.00    0.00    0.00    0.00 0 0 0 0 0   -1   -1   -1
 22  1198   C.3   31.59    4.50   35.39  1.94   0.13   0.3531   N    0.00    0.00    0.00    0.00    0.00    0.00 0 0 0 0 0   -1   -1   -1
 23  1199   C.3   30.57    4.42   36.53  1.94   0.53  -0.4121   N    0.00    0.00    0.00    0.00    0.00    0.00 0 0 0 0 0   -1   -1   -1
 24  1200   C.3   32.38    5.72   35.72  1.94   0.53  -0.4121   N    0.00    0.00    0.00    0.00    0.00    0.00 0 0 0 0 0   -1   -1   -1
 25  1212  N.am   34.62    0.92   34.85  1.83  -0.10  -0.4157   P   33.75    0.43   34.87    0.00    0.00    0.00 0 1 0 0 1   -1   -1   -1
 26  1213   C.3   35.82    0.22   35.23  1.94  -0.31  -0.0249   N    0.00    0.00    0.00    0.00    0.00    0.00 0 0 0 0 0   -1   -1   -1
 27  1214   C.2   36.82    0.07   34.13  1.90  -0.03   0.5973   N    0.00    0.00    0.00    0.00    0.00    0.00 0 0 0 0 0   -1   -1   -1
 28  1215   O.2   38.04    0.15   34.42  1.66  -0.40  -0.5679   P   39.01    0.21   34.65    0.05   -1.00    0.07 2 0 2 0 2   -1   -1   -1
 29  1216   C.3   35.49   -1.10   35.84  1.94  -0.14   0.2117   N    0.00    0.00    0.00    0.00    0.00    0.00 0 0 0 0 0   -1   -1   -1
 30  1217   O.3   34.55   -1.12   36.96  1.74  -0.47  -0.6546   P   33.91   -1.13   37.73   -0.01    1.00    0.01 2 1 2 0 3   -1   -1   -1
 31  1223  N.am   36.35   -0.04   32.90  1.83  -0.10  -0.4157   P   35.38    0.15   32.76    0.00    0.00    0.00 0 1 0 1 1   -1   -1   -1
 32  1224   C.3   37.15   -0.43   31.69  1.94  -0.31  -0.0249   N    0.00    0.00    0.00    0.00    0.00    0.00 0 0 0 0 0   -1   -1   -1
 33  1225   C.2   37.49    0.70   30.75  1.90  -0.03   0.5973   N    0.00    0.00    0.00    0.00    0.00    0.00 0 0 0 0 0   -1   -1   -1
 34  1226   O.2   38.44    0.63   29.94  1.66  -0.40  -0.5679   P   39.20    0.57   29.29   -0.62   -0.34   -0.70 2 0 2 0 2   -1   -1   -1
 35  1227   C.3   36.27   -1.41   30.86  1.94  -0.14   0.2117   N    0.00    0.00    0.00    0.00    0.00    0.00 0 0 0 0 0   -1   -1   -1
 36  1228   O.3   35.84   -2.56   31.59  1.74  -0.47  -0.6546   P   35.54   -3.37   32.10   -0.58    0.58    0.58 2 1 2 0 3   -1   -1   -1
 37  1234  N.am   36.87    1.90   30.72  1.83  -0.10  -0.4157   P   36.12    2.03   31.37    0.00    0.00    0.00 0 1 0 0 1   -1   -1   -1
 38  1235   C.3   37.18    3.02   29.84  1.94  -0.31  -0.0597   N    0.00    0.00    0.00    0.00    0.00    0.00 0 0 0 0 0   -1   -1   -1
 39  1236   C.2   38.32    3.88   30.42  1.90  -0.03   0.5973   N    0.00    0.00    0.00    0.00    0.00    0.00 0 0 0 0 0   -1   -1   -1
 40  1237   O.2   38.56    3.99   31.61  1.66  -0.40  -0.5679   P   38.76    4.08   32.59    0.52   -0.86   -0.03 2 0 2 0 2   -1   -1   -1
 41  1238   C.3   35.91    3.85   29.47  1.94   0.13   0.1303   N    0.00    0.00    0.00    0.00    0.00    0.00 0 0 0 0 0   -1   -1   -1
 42  1239   C.3   36.26    4.82   28.33  1.94   0.36  -0.0430   N    0.00    0.00    0.00    0.00    0.00    0.00 0 0 0 0 0   -1   -1   -1
 43  1240   C.3   35.31    4.62   30.65  1.94   0.53  -0.3204   N    0.00    0.00    0.00    0.00    0.00    0.00 0 0 0 0 0   -1   -1   -1
 44  1241   C.3   35.11    5.43   27.51  1.94   0.53  -0.0660   N    0.00    0.00    0.00    0.00    0.00    0.00 0 0 0 0 0   -1   -1   -1
 45  1253  N.am   39.08    4.37   29.42  1.83  -0.10  -0.4157   P   38.88    4.11   28.47    0.00    0.00    0.00 0 1 0 1 1   -1   -1   -1
 46  1254   C.3   40.19    5.27   29.71  1.94  -0.31  -0.0249   N    0.00    0.00    0.00    0.00    0.00    0.00 0 0 0 0 0   -1   -1   -1
 47  1255   C.2   40.44    6.15   28.58  1.90  -0.03   0.5973   N    0.00    0.00    0.00    0.00    0.00    0.00 0 0 0 0 0   -1   -1   -1
 48  1256   O.2   39.93    5.91   27.46  1.66  -0.40  -0.5679   P   39.52    5.72   26.57   -0.86    0.41    0.30 2 0 2 0 2   -1   -1   -1
 49  1257   C.3   41.47    4.51   30.05  1.94  -0.14   0.2117   N    0.00    0.00    0.00    0.00    0.00    0.00 0 0 0 0 0   -1   -1   -1
 50  1258   O.3   42.03    4.04   28.83  1.74  -0.47  -0.6546   P   42.42    3.71   27.97   -0.25   -0.94    0.25 2 1 1 1 3   -1   -1   -1
 51  1264  N.am   41.09    7.34   28.81  1.83  -0.10  -0.4157   P   41.56    7.48   29.68    0.00    0.00    0.00 0 1 0 1 1   -1   -1   -1
 52  1265   C.3   41.11    8.39   27.81  1.94  -0.31  -0.0518   N    0.00    0.00    0.00    0.00    0.00    0.00 0 0 0 0 0   -1   -1   -1
 53  1266   C.2   42.06    8.06   26.64  1.90  -0.03   0.5973   N    0.00    0.00    0.00    0.00    0.00    0.00 0 0 0 0 0   -1   -1   -1
 54  1267   O.2   41.88    8.42   25.50  1.66  -0.40  -0.5679   P   41.73    8.72   24.56    0.43    0.88    0.21 2 0 2 0 2   -1   -1   -1
 55  1268   C.3   41.39    9.75   28.46  1.94   0.36  -0.1102   N    0.00    0.00    0.00    0.00    0.00    0.00 0 0 0 0 0   -1   -1   -1
 56  1269   C.3   41.28   10.96   27.51  1.94   0.13   0.3531   N    0.00    0.00    0.00    0.00    0.00    0.00 0 0 0 0 0   -1   -1   -1
 57  1271   C.3   41.76   12.30   28.25  1.94   0.53  -0.4121   N    0.00    0.00    0.00    0.00    0.00    0.00 0 0 0 0 0   -1   -1   -1
 58  1283  N.am   43.18    7.43   27.01  1.83  -0.10  -0.5163   P   43.30    7.23   27.98    0.00    0.00    0.00 0 1 0 0 1   -1   -1   -1
 59  1284   C.3   44.22    7.02   26.12  1.94  -0.31   0.0397   N    0.00    0.00    0.00    0.00    0.00    0.00 0 0 0 0 0   -1   -1   -1
 60  1287   C.3   45.49    6.69   26.93  1.94   0.36   0.0560   N    0.00    0.00    0.00    0.00    0.00    0.00 0 0 0 0 0   -1   -1   -1
 61  1288   C.3   45.29    5.47   27.88  1.94  -0.01   0.0136   N    0.00    0.00    0.00    0.00    0.00    0.00 0 0 0 0 0   -1   -1   -1
 62  1289   C.2   44.85    5.80   29.30  1.90  -0.03   0.8054   N    0.00    0.00    0.00    0.00    0.00    0.00 0 0 0 0 0   -1   -1   -1
 63  1290 O.co2   45.09    5.03   30.23  1.66  -0.88  -0.8188   P   45.28    4.40   30.99    0.90    0.41    0.11 2 0 2 0 2   -1   -1   -1
 64  1291 O.co2   44.33    6.88   29.54  1.66  -0.88  -0.8188   P   43.90    7.76   29.74   -0.90   -0.41   -0.11 2 0 1 0 2   -1   -1   -1
 65  1304  N.am   43.70    2.68   26.71  1.83  -0.65  -0.9196   P   44.08    2.82   27.62   -0.40   -0.87    0.30 0 2 0 1 2   -1   -1   -1
 66  1451   C.3   32.71    7.80   26.13  1.94   0.53  -0.4121   N    0.00    0.00    0.00    0.00    0.00    0.00 0 0 0 0 0   -1   -1   -1
 67  1547   C.3   30.22    9.02   29.36  1.94   0.13   0.2985   N    0.00    0.00    0.00    0.00    0.00    0.00 0 0 0 0 0   -1   -1   -1
 68  1548   C.3   31.58    9.53   29.83  1.94   0.53  -0.3192   N    0.00    0.00    0.00    0.00    0.00    0.00 0 0 0 0 0   -1   -1   -1
 69  1549   C.3   29.50    8.66   30.64  1.94   0.53  -0.3192   N    0.00    0.00    0.00    0.00    0.00    0.00 0 0 0 0 0   -1   -1   -1
 70  1620   O.2   30.98   12.42   30.05  1.66  -0.40  -0.5679   P   30.92   11.45   29.82   -0.43    0.23   -0.87 2 0 1 0 2   -1   -1   -1
 71  1630   C.2   34.21   12.80   30.06  1.90  -0.03   0.5896   N    0.00    0.00    0.00    0.00    0.00    0.00 0 0 0 0 0   -1   -1   -1
 72  1631   O.2   34.02   12.53   31.23  1.66  -0.40  -0.5748   P   33.86   12.31   32.19   -0.81   -0.53   -0.25 2 0 1 0 2   -1   -1   -1
 73  1642  N.am   34.96   12.01   29.30  1.83  -0.10  -0.4157   P   34.75   11.96   28.32    0.00    0.00    0.00 0 1 0 1 1   -1   -1   -1
 74  1643   C.3   36.08   11.21   29.81  1.94  -0.31  -0.0875   N    0.00    0.00    0.00    0.00    0.00    0.00 0 0 0 0 0   -1   -1   -1
 75  1644   C.2   37.27   11.95   30.40  1.90  -0.03   0.5973   N    0.00    0.00    0.00    0.00    0.00    0.00 0 0 0 0 0   -1   -1   -1
 76  1645   O.2   37.74   12.80   29.69  1.66  -0.40  -0.5679   P   38.13   13.51   29.10   -0.43    0.71    0.56 2 0 2 0 2   -1   -1   -1
 77  1646   C.3   36.49   10.04   28.87  1.94   0.13   0.2985   N    0.00    0.00    0.00    0.00    0.00    0.00 0 0 0 0 0   -1   -1   -1
 78  1647   C.3   37.41    8.89   29.37  1.94   0.53  -0.3192   N    0.00    0.00    0.00    0.00    0.00    0.00 0 0 0 0 0   -1   -1   -1
 79  1648   C.3   35.18    9.37   28.39  1.94   0.53  -0.3192   N    0.00    0.00    0.00    0.00    0.00    0.00 0 0 0 0 0   -1   -1   -1
 80  1658  N.am   37.93   11.51   31.46  1.83  -0.10  -0.4157   P   37.56   10.71   31.94    0.00    0.00    0.00 0 1 0 1 1   -1   -1   -1
 81  1659   C.3   39.15   12.10   31.98  1.94  -0.31  -0.0024   N    0.00    0.00    0.00    0.00    0.00    0.00 0 0 0 0 0   -1   -1   -1
 82  1660   C.2   39.83   11.17   32.88  1.90  -0.03   0.5973   N    0.00    0.00    0.00    0.00    0.00    0.00 0 0 0 0 0   -1   -1   -1
 83  1661   O.2   39.34   10.16   33.35  1.66  -0.40  -0.5679   P   38.94    9.33   33.74    0.24   -0.50   -0.83 2 0 1 0 2   -1   -1   -1
 84  1662   C.3   38.72   13.34   32.77  1.94  -0.01  -0.0343   N    0.00    0.00    0.00    0.00    0.00    0.00 0 0 0 0 0   -1   -1   -1
 85  1663  C.ar   37.74   13.25   33.97  1.85   0.30   0.0118   N    0.00    0.00    0.00    0.00    0.00    0.00 0 0 0 0 0   -1   -1   -1
 86  1664  C.ar   36.41   13.42   33.69  1.85   0.34  -0.1256   N    0.00    0.00    0.00    0.00    0.00    0.00 0 0 0 0 0   -1   -1   -1
 87  1665  C.ar   38.18   13.26   35.35  1.85   0.34  -0.1256   N    0.00    0.00    0.00    0.00    0.00    0.00 0 0 0 0 0   -1   -1   -1
 88  1667  C.ar   37.19   13.32   36.36  1.85   0.34  -0.1704   N    0.00    0.00    0.00    0.00    0.00    0.00 0 0 0 0 0   -1   -1   -1
 89  1678  N.am   41.10   11.37   33.13  1.83  -0.10  -0.5163   P   41.51   12.20   32.77    0.00    0.00    0.00 0 1 0 0 1   -1   -1   -1
 90  1679   C.3   41.95   10.48   33.89  1.94  -0.31   0.0381   N    0.00    0.00    0.00    0.00    0.00    0.00 0 0 0 0 0   -1   -1   -1
 91  1680   C.2   41.50   10.41   35.42  1.90  -0.03   0.5366   N    0.00    0.00    0.00    0.00    0.00    0.00 0 0 0 0 0   -1   -1   -1
 92  1681   O.2   41.60   11.41   36.19  1.66  -0.40  -0.5819   P   41.68   12.20   36.80   -0.95    0.24   -0.18 2 0 2 0 2   -1   -1   -1
 93  1682   C.3   43.42   10.86   33.80  1.94   0.01  -0.0303   N    0.00    0.00    0.00    0.00    0.00    0.00 0 0 0 0 0   -1   -1   -1
 94  1683   C.2   43.86   11.18   32.38  1.90  -0.03   0.7994   N    0.00    0.00    0.00    0.00    0.00    0.00 0 0 0 0 0   -1   -1   -1
 95  1684 O.co2   43.65   12.25   31.84  1.66  -0.88  -0.8014   P   43.48   13.13   31.40    0.92    0.31    0.25 2 0 1 0 2   -1   -1   -1
 96  1685 O.co2   44.36   10.28   31.65  1.66  -0.88  -0.8014   P   44.76    9.57   31.07   -0.92   -0.31   -0.25 2 0 2 0 2   -1   -1   -1
 97  1690  N.am   41.12    9.24   35.90  1.83  -0.10  -0.4157   P   41.13    8.46   35.27    0.00    0.00    0.00 0 1 0 1 1   -1   -1   -1
 98  1691   C.3   40.69    8.98   37.28  1.94  -0.30  -0.0252   N    0.00    0.00    0.00    0.00    0.00    0.00 0 0 0 0 0   -1   -1   -1
 99  1692   C.2   39.30    9.24   37.60  1.90  -0.03   0.5973   N    0.00    0.00    0.00    0.00    0.00    0.00 0 0 0 0 0   -1   -1   -1
100  1693   O.2   39.04    9.13   38.76  1.66  -0.40  -0.5679   P   38.82    9.04   39.73    0.13    0.98    0.12 2 0 1 0 2   -1   -1   -1
101  1697  N.am   38.43    9.48   36.62  1.83  -0.10  -0.4157   P   38.82    9.58   35.71    0.00    0.00    0.00 0 1 0 0 1   -1   -1   -1
102  1698   C.3   36.98    9.61   36.71  1.94  -0.31  -0.0518   N    0.00    0.00    0.00    0.00    0.00    0.00 0 0 0 0 0   -1   -1   -1
103  1699   C.2   36.32    8.62   37.64  1.90  -0.03   0.5973   N    0.00    0.00    0.00    0.00    0.00    0.00 0 0 0 0 0   -1   -1   -1
104  1700   O.2   35.63    9.07   38.55  1.66  -0.40  -0.5679   P   35.07    9.44   39.29   -0.79    0.03   -0.61 2 0 1 0 2   -1   -1   -1
105  1701   C.3   36.47    9.76   35.36  1.94   0.36  -0.1102   N    0.00    0.00    0.00    0.00    0.00    0.00 0 0 0 0 0   -1   -1   -1
106  1702   C.3   34.94   10.04   35.21  1.94   0.13   0.3531   N    0.00    0.00    0.00    0.00    0.00    0.00 0 0 0 0 0   -1   -1   -1
107  1703   C.3   34.59    9.91   33.76  1.94   0.53  -0.4121   N    0.00    0.00    0.00    0.00    0.00    0.00 0 0 0 0 0   -1   -1   -1
108  1704   C.3   34.01    8.95   35.81  1.94   0.53  -0.4121   N    0.00    0.00    0.00    0.00    0.00    0.00 0 0 0 0 0   -1   -1   -1
109  1716  N.am   36.48    7.33   37.37  1.83  -0.10  -0.4157   P   37.01    7.07   36.57    0.00    0.00    0.00 0 1 0 1 1   -1   -1   -1
110  1717   C.3   35.90    6.27   38.21  1.94  -0.31  -0.0024   N    0.00    0.00    0.00    0.00    0.00    0.00 0 0 0 0 0   -1   -1   -1
111  1718   C.2   36.45    6.39   39.63  1.90  -0.03   0.5973   N    0.00    0.00    0.00    0.00    0.00    0.00 0 0 0 0 0   -1   -1   -1
112  1719   O.2   35.66    6.33   40.52  1.66  -0.40  -0.5679   P   35.00    6.28   41.27    0.16   -0.98    0.08 2 0 1 0 2   -1   -1   -1
113  1720   C.3   36.11    4.91   37.64  1.94  -0.01  -0.0343   N    0.00    0.00    0.00    0.00    0.00    0.00 0 0 0 0 0   -1   -1   -1
114  1721  C.ar   35.44    3.88   38.44  1.85   0.30   0.0118   N    0.00    0.00    0.00    0.00    0.00    0.00 0 0 0 0 0   -1   -1   -1
115  1722  C.ar   36.14    2.68   38.62  1.85   0.34  -0.1256   N    0.00    0.00    0.00    0.00    0.00    0.00 0 0 0 0 0   -1   -1   -1
116  1723  C.ar   34.07    3.90   38.83  1.85   0.34  -0.1256   N    0.00    0.00    0.00    0.00    0.00    0.00 0 0 0 0 0   -1   -1   -1
117  1724  C.ar   35.60    1.67   39.41  1.85   0.34  -0.1704   N    0.00    0.00    0.00    0.00    0.00    0.00 0 0 0 0 0   -1   -1   -1
118  1725  C.ar   33.50    2.83   39.55  1.85   0.34  -0.1704   N    0.00    0.00    0.00    0.00    0.00    0.00 0 0 0 0 0   -1   -1   -1
119  1726  C.ar   34.30    1.71   39.82  1.85   0.34  -0.1072   N    0.00    0.00    0.00    0.00    0.00    0.00 0 0 0 0 0   -1   -1   -1
120  1736  N.am   37.80    6.63   39.86  1.83  -0.10  -0.4157   P   38.42    6.79   39.09    0.00    0.00    0.00 0 1 0 0 1   -1   -1   -1
121  1737   C.3   38.33    6.65   41.27  1.94  -0.31  -0.0031   N    0.00    0.00    0.00    0.00    0.00    0.00 0 0 0 0 0   -1   -1   -1
122  1740   C.3   39.92    6.57   41.15  1.94   0.36  -0.0036   N    0.00    0.00    0.00    0.00    0.00    0.00 0 0 0 0 0   -1   -1   -1
123  1741   C.3   40.32    5.29   40.60  1.94  -0.01  -0.0645   N    0.00    0.00    0.00    0.00    0.00    0.00 0 0 0 0 0   -1   -1   -1
124  1742   C.2   40.43    5.13   39.09  1.90  -0.03   0.6951   N    0.00    0.00    0.00    0.00    0.00    0.00 0 0 0 0 0   -1   -1   -1
125  1743  N.am   40.91    4.04   38.65  1.83  -0.65  -0.9407   P   41.29    3.18   38.30   -0.89   -0.44    0.12 0 2 0 2 2   -1   -1   -1
126  1744   O.2   39.95    5.86   38.25  1.66  -0.40  -0.6086   P   39.55    6.46   37.56    0.89    0.44   -0.12 2 0 1 0 2   -1   -1   -1
127  1797  N.am   36.69    3.17   42.06  1.83  -0.65  -0.9407   P   36.48    2.66   41.22    0.54    0.66   -0.53 0 2 0 2 2   -1   -1   -1
128  2351  C.ar   30.05   10.52   35.85  1.85   0.30  -0.0011   N    0.00    0.00    0.00    0.00    0.00    0.00 0 0 0 0 0   -1   -1   -1
129  2352  C.ar   30.39   10.13   34.54  1.85   0.34  -0.1906   N    0.00    0.00    0.00    0.00    0.00    0.00 0 0 0 0 0   -1   -1   -1
130  2354  C.ar   31.13   11.05   33.72  1.85   0.34  -0.2341   N    0.00    0.00    0.00    0.00    0.00    0.00 0 0 0 0 0   -1   -1   -1
131  2356  C.ar   31.58   12.31   34.19  1.85  -0.15   0.3226   N    0.00    0.00    0.00    0.00    0.00    0.00 0 0 0 0 0   -1   -1   -1
132  2357   O.3   32.26   13.26   33.39  1.74   0.08  -0.5579   P   32.74   13.93   32.83    0.48   -0.74   -0.48 2 1 2 0 3   -1   -1   -1
<End>
