#
# This file is create by LigBuilder/Cavity.
# It stores the parameters for the pocket atoms.
# Creation time: Tue Apr  7 19:56:25 2026
#
# 1st column: ID of the atom
# 2nd column: ID of the atom in the original PDB file
# 3rd column: atom type
# 4th column: X coordinate
# 5th column: Y coordinate
# 6th column: Z coordinate
# 7th column: vdw radius
# 8th column: atomic hydrophobic scale
# 9th column: H-bond character
# 10th column: H-bond root X coordinate
# 11th column: H-bond root Y coordinate
# 12th column: H-bond root Z coordinate
#
<Start>
<Atom_number> 100
  1  1086   C.3   26.19   -3.54   36.02  1.94  -0.31  -0.0014   N    0.00    0.00    0.00    0.00    0.00    0.00 0 0 0 0 0   -1   -1   -1
  2  1087   C.2   26.86   -3.14   34.70  1.90  -0.03   0.5973   N    0.00    0.00    0.00    0.00    0.00    0.00 0 0 0 0 0   -1   -1   -1
  3  1088   O.2   27.99   -2.64   34.78  1.66  -0.40  -0.5679   P   28.90   -2.24   34.84    0.41   -0.89   -0.18 2 0 1 0 2   -1   -1   -1
  4  1106  N.am   26.23   -3.20   33.59  1.83  -0.10  -0.5163   P   25.26   -3.44   33.59    0.00    0.00    0.00 0 1 0 1 1   -1   -1   -1
  5  1107   C.3   26.90   -2.92   32.31  1.94  -0.31   0.0397   N    0.00    0.00    0.00    0.00    0.00    0.00 0 0 0 0 0   -1   -1   -1
  6  1108   C.2   27.55   -1.53   32.25  1.90  -0.03   0.5366   N    0.00    0.00    0.00    0.00    0.00    0.00 0 0 0 0 0   -1   -1   -1
  7  1109   O.2   28.54   -1.29   31.54  1.66  -0.40  -0.5819   P   29.34   -1.10   30.97   -0.60    0.20   -0.77 2 0 1 0 2   -1   -1   -1
  8  1110   C.3   26.05   -3.10   31.05  1.94   0.36   0.0560   N    0.00    0.00    0.00    0.00    0.00    0.00 0 0 0 0 0   -1   -1   -1
  9  1111   C.3   24.82   -2.20   30.88  1.94  -0.01   0.0136   N    0.00    0.00    0.00    0.00    0.00    0.00 0 0 0 0 0   -1   -1   -1
 10  1112   C.2   24.15   -2.39   29.51  1.90  -0.03   0.8054   N    0.00    0.00    0.00    0.00    0.00    0.00 0 0 0 0 0   -1   -1   -1
 11  1113 O.co2   24.68   -1.84   28.49  1.66  -0.88  -0.8188   P   25.10   -1.41   27.69    0.38   -0.88   -0.28 2 0 1 0 2   -1   -1   -1
 12  1114 O.co2   22.99   -2.87   29.44  1.66  -0.88  -0.8188   P   22.07   -3.25   29.38   -0.38    0.88    0.28 2 0 1 0 2   -1   -1   -1
 13  1121  N.am   26.95   -0.54   32.97  1.83  -0.10  -0.4157   P   26.08   -0.77   33.40    0.00    0.00    0.00 0 1 0 1 1   -1   -1   -1
 14  1122   C.3   27.44    0.82   33.18  1.94  -0.31  -0.0014   N    0.00    0.00    0.00    0.00    0.00    0.00 0 0 0 0 0   -1   -1   -1
 15  1123   C.2   28.66    0.90   34.16  1.90  -0.03   0.5973   N    0.00    0.00    0.00    0.00    0.00    0.00 0 0 0 0 0   -1   -1   -1
 16  1124   O.2   29.59    1.67   33.95  1.66  -0.40  -0.5679   P   30.35    2.30   33.78   -0.46    0.70    0.55 2 0 1 0 2   -1   -1   -1
 17  1142  N.am   28.69    0.08   35.24  1.83  -0.10  -0.4157   P   27.86   -0.43   35.48    0.00    0.00    0.00 0 1 0 0 1   -1   -1   -1
 18  1144   C.2   31.08   -0.90   35.41  1.90  -0.03   0.5973   N    0.00    0.00    0.00    0.00    0.00    0.00 0 0 0 0 0   -1   -1   -1
 19  1145   O.2   32.21   -0.48   35.48  1.66  -0.40  -0.5679   P   33.15   -0.13   35.54    0.20   -0.65    0.73 2 0 0 0 2   -1   -1   -1
 20  1161  N.am   30.71   -1.88   34.64  1.83  -0.10  -0.5163   P   29.75   -2.15   34.60    0.00    0.00    0.00 0 1 0 0 1   -1   -1   -1
 21  1162   C.3   31.71   -2.58   33.84  1.94  -0.31   0.0381   N    0.00    0.00    0.00    0.00    0.00    0.00 0 0 0 0 0   -1   -1   -1
 22  1163   C.2   32.29   -1.67   32.79  1.90  -0.03   0.5366   N    0.00    0.00    0.00    0.00    0.00    0.00 0 0 0 0 0   -1   -1   -1
 23  1164   O.2   33.49   -1.77   32.54  1.66  -0.40  -0.5819   P   34.47   -1.85   32.34   -0.21   -0.62   -0.75 2 0 1 0 2   -1   -1   -1
 24  1165   C.3   31.06   -3.79   33.21  1.94   0.01  -0.0303   N    0.00    0.00    0.00    0.00    0.00    0.00 0 0 0 0 0   -1   -1   -1
 25  1166   C.2   32.09   -4.81   32.62  1.90  -0.03   0.7994   N    0.00    0.00    0.00    0.00    0.00    0.00 0 0 0 0 0   -1   -1   -1
 26  1167 O.co2   33.30   -4.97   32.99  1.66  -0.88  -0.8014   P   34.25   -5.10   33.28   -0.30   -0.61    0.73 2 0 2 0 2   -1   -1   -1
 27  1168 O.co2   31.70   -5.64   31.77  1.66  -0.88  -0.8014   P   31.39   -6.30   31.09    0.30    0.61   -0.73 2 0 2 0 2   -1   -1   -1
 28  1173  N.am   31.50   -0.73   32.23  1.83  -0.10  -0.4157   P   30.51   -0.77   32.38    0.00    0.00    0.00 0 1 0 0 1   -1   -1   -1
 29  1174   C.3   32.07    0.38   31.38  1.94  -0.31  -0.0024   N    0.00    0.00    0.00    0.00    0.00    0.00 0 0 0 0 0   -1   -1   -1
 30  1175   C.2   33.02    1.34   32.09  1.90  -0.03   0.5973   N    0.00    0.00    0.00    0.00    0.00    0.00 0 0 0 0 0   -1   -1   -1
 31  1176   O.2   34.19    1.40   31.69  1.66  -0.40  -0.5679   P   35.14    1.45   31.37   -0.23    0.80   -0.56 2 0 1 0 2   -1   -1   -1
 32  1177   C.3   30.95    1.23   30.80  1.94  -0.01  -0.0343   N    0.00    0.00    0.00    0.00    0.00    0.00 0 0 0 0 0   -1   -1   -1
 33  1178  C.ar   31.27    2.62   30.28  1.85   0.30   0.0118   N    0.00    0.00    0.00    0.00    0.00    0.00 0 0 0 0 0   -1   -1   -1
 34  1179  C.ar   31.02    3.69   31.25  1.85   0.34  -0.1256   N    0.00    0.00    0.00    0.00    0.00    0.00 0 0 0 0 0   -1   -1   -1
 35  1180  C.ar   31.66    2.99   28.96  1.85   0.34  -0.1256   N    0.00    0.00    0.00    0.00    0.00    0.00 0 0 0 0 0   -1   -1   -1
 36  1181  C.ar   31.18    5.04   30.86  1.85   0.34  -0.1704   N    0.00    0.00    0.00    0.00    0.00    0.00 0 0 0 0 0   -1   -1   -1
 37  1182  C.ar   31.85    4.32   28.58  1.85   0.34  -0.1704   N    0.00    0.00    0.00    0.00    0.00    0.00 0 0 0 0 0   -1   -1   -1
 38  1183  C.ar   31.67    5.33   29.55  1.85   0.34  -0.1072   N    0.00    0.00    0.00    0.00    0.00    0.00 0 0 0 0 0   -1   -1   -1
 39  1193  N.am   32.60    2.01   33.22  1.83  -0.10  -0.4157   P   31.64    1.86   33.45    0.00    0.00    0.00 0 1 0 0 1   -1   -1   -1
 40  1212  N.am   34.62    0.92   34.85  1.83  -0.10  -0.4157   P   33.75    0.43   34.87    0.00    0.00    0.00 0 1 0 0 1   -1   -1   -1
 41  1223  N.am   36.35   -0.04   32.90  1.83  -0.10  -0.4157   P   35.38    0.15   32.76    0.00    0.00    0.00 0 1 0 1 1   -1   -1   -1
 42  1224   C.3   37.15   -0.43   31.69  1.94  -0.31  -0.0249   N    0.00    0.00    0.00    0.00    0.00    0.00 0 0 0 0 0   -1   -1   -1
 43  1225   C.2   37.49    0.70   30.75  1.90  -0.03   0.5973   N    0.00    0.00    0.00    0.00    0.00    0.00 0 0 0 0 0   -1   -1   -1
 44  1226   O.2   38.44    0.63   29.94  1.66  -0.40  -0.5679   P   39.20    0.57   29.29   -0.62   -0.34   -0.70 2 0 2 0 2   -1   -1   -1
 45  1227   C.3   36.27   -1.41   30.86  1.94  -0.14   0.2117   N    0.00    0.00    0.00    0.00    0.00    0.00 0 0 0 0 0   -1   -1   -1
 46  1228   O.3   35.84   -2.56   31.59  1.74  -0.47  -0.6546   P   35.54   -3.37   32.10   -0.58    0.58    0.58 2 1 2 0 3   -1   -1   -1
 47  1234  N.am   36.87    1.90   30.72  1.83  -0.10  -0.4157   P   36.12    2.03   31.37    0.00    0.00    0.00 0 1 0 0 1   -1   -1   -1
 48  1235   C.3   37.18    3.02   29.84  1.94  -0.31  -0.0597   N    0.00    0.00    0.00    0.00    0.00    0.00 0 0 0 0 0   -1   -1   -1
 49  1238   C.3   35.91    3.85   29.47  1.94   0.13   0.1303   N    0.00    0.00    0.00    0.00    0.00    0.00 0 0 0 0 0   -1   -1   -1
 50  1239   C.3   36.26    4.82   28.33  1.94   0.36  -0.0430   N    0.00    0.00    0.00    0.00    0.00    0.00 0 0 0 0 0   -1   -1   -1
 51  1240   C.3   35.31    4.62   30.65  1.94   0.53  -0.3204   N    0.00    0.00    0.00    0.00    0.00    0.00 0 0 0 0 0   -1   -1   -1
 52  1241   C.3   35.11    5.43   27.51  1.94   0.53  -0.0660   N    0.00    0.00    0.00    0.00    0.00    0.00 0 0 0 0 0   -1   -1   -1
 53  1359   C.2   35.94    1.65   22.21  1.90  -0.03   0.5366   N    0.00    0.00    0.00    0.00    0.00    0.00 0 0 0 0 0   -1   -1   -1
 54  1360   O.2   35.55    0.50   22.37  1.66  -0.40  -0.5819   P   35.23   -0.44   22.50    0.45   -0.03    0.89 2 0 2 0 2   -1   -1   -1
 55  1372  N.am   35.26    2.69   22.58  1.83  -0.10  -0.4157   P   35.58    3.60   22.33    0.00    0.00    0.00 0 1 0 1 1   -1   -1   -1
 56  1373   C.3   34.04    2.55   23.35  1.94  -0.31  -0.0024   N    0.00    0.00    0.00    0.00    0.00    0.00 0 0 0 0 0   -1   -1   -1
 57  1374   C.2   32.84    3.26   22.76  1.90  -0.03   0.5973   N    0.00    0.00    0.00    0.00    0.00    0.00 0 0 0 0 0   -1   -1   -1
 58  1375   O.2   31.83    3.40   23.49  1.66  -0.40  -0.5679   P   31.02    3.51   24.07    0.37    0.87    0.34 2 0 1 0 2   -1   -1   -1
 59  1376   C.3   34.35    3.05   24.71  1.94  -0.01  -0.0343   N    0.00    0.00    0.00    0.00    0.00    0.00 0 0 0 0 0   -1   -1   -1
 60  1377  C.ar   35.44    2.33   25.47  1.85   0.30   0.0118   N    0.00    0.00    0.00    0.00    0.00    0.00 0 0 0 0 0   -1   -1   -1
 61  1378  C.ar   36.77    2.89   25.43  1.85   0.34  -0.1256   N    0.00    0.00    0.00    0.00    0.00    0.00 0 0 0 0 0   -1   -1   -1
 62  1379  C.ar   35.18    1.07   26.04  1.85   0.34  -0.1256   N    0.00    0.00    0.00    0.00    0.00    0.00 0 0 0 0 0   -1   -1   -1
 63  1380  C.ar   37.76    2.16   26.05  1.85   0.34  -0.1704   N    0.00    0.00    0.00    0.00    0.00    0.00 0 0 0 0 0   -1   -1   -1
 64  1381  C.ar   36.24    0.27   26.55  1.85   0.34  -0.1704   N    0.00    0.00    0.00    0.00    0.00    0.00 0 0 0 0 0   -1   -1   -1
 65  1382  C.ar   37.50    0.85   26.58  1.85   0.34  -0.1072   N    0.00    0.00    0.00    0.00    0.00    0.00 0 0 0 0 0   -1   -1   -1
 66  1407   C.3   28.74    2.33   21.54  1.94  -0.31  -0.0014   N    0.00    0.00    0.00    0.00    0.00    0.00 0 0 0 0 0   -1   -1   -1
 67  1408   C.2   28.37    2.83   22.94  1.90  -0.03   0.5973   N    0.00    0.00    0.00    0.00    0.00    0.00 0 0 0 0 0   -1   -1   -1
 68  1409   O.2   27.34    3.51   23.15  1.66  -0.40  -0.5679   P   26.52    4.05   23.32   -0.53   -0.84    0.10 2 0 1 0 2   -1   -1   -1
 69  1410   C.3   28.62    0.81   21.50  1.94  -0.01  -0.0152   N    0.00    0.00    0.00    0.00    0.00    0.00 0 0 0 0 0   -1   -1   -1
 70  1411  C.ar   27.21    0.31   21.88  1.85   0.30  -0.0011   N    0.00    0.00    0.00    0.00    0.00    0.00 0 0 0 0 0   -1   -1   -1
 71  1412  C.ar   26.10    0.63   21.13  1.85   0.34  -0.1906   N    0.00    0.00    0.00    0.00    0.00    0.00 0 0 0 0 0   -1   -1   -1
 72  1413  C.ar   27.17   -0.63   22.96  1.85   0.34  -0.1906   N    0.00    0.00    0.00    0.00    0.00    0.00 0 0 0 0 0   -1   -1   -1
 73  1414  C.ar   24.89    0.03   21.45  1.85   0.34  -0.2341   N    0.00    0.00    0.00    0.00    0.00    0.00 0 0 0 0 0   -1   -1   -1
 74  1415  C.ar   25.93   -1.18   23.34  1.85   0.34  -0.2341   N    0.00    0.00    0.00    0.00    0.00    0.00 0 0 0 0 0   -1   -1   -1
 75  1416  C.ar   24.79   -0.83   22.57  1.85  -0.15   0.3226   N    0.00    0.00    0.00    0.00    0.00    0.00 0 0 0 0 0   -1   -1   -1
 76  1417   O.3   23.57   -1.28   23.01  1.74   0.08  -0.5579   P   22.68   -1.61   23.33   -0.25    0.93    0.25 2 1 2 1 3   -1   -1   -1
 77  1427  N.am   29.22    2.41   23.91  1.83  -0.10  -0.4157   P   30.08    2.00   23.61    0.00    0.00    0.00 0 1 0 0 1   -1   -1   -1
 78  1428   C.3   28.99    2.51   25.42  1.94  -0.31  -0.0031   N    0.00    0.00    0.00    0.00    0.00    0.00 0 0 0 0 0   -1   -1   -1
 79  1429   C.2   29.07    4.03   25.87  1.90  -0.03   0.5973   N    0.00    0.00    0.00    0.00    0.00    0.00 0 0 0 0 0   -1   -1   -1
 80  1430   O.2   28.44    4.45   26.84  1.66  -0.40  -0.5679   P   27.93    4.79   27.63    0.75   -0.26    0.60 2 0 1 0 2   -1   -1   -1
 81  1431   C.3   29.98    1.64   26.21  1.94   0.36  -0.0036   N    0.00    0.00    0.00    0.00    0.00    0.00 0 0 0 0 0   -1   -1   -1
 82  1432   C.3   29.95    0.10   25.95  1.94  -0.01  -0.0645   N    0.00    0.00    0.00    0.00    0.00    0.00 0 0 0 0 0   -1   -1   -1
 83  1433   C.2   30.90   -0.33   24.80  1.90  -0.03   0.6951   N    0.00    0.00    0.00    0.00    0.00    0.00 0 0 0 0 0   -1   -1   -1
 84  1434  N.am   31.05   -1.61   24.66  1.83  -0.65  -0.9407   P   31.17   -2.60   24.55   -0.84   -0.04   -0.55 0 2 0 2 2   -1   -1   -1
 85  1435   O.2   31.39    0.46   24.00  1.66  -0.40  -0.6086   P   31.79    1.10   23.35    0.84    0.04    0.55 2 0 1 0 2   -1   -1   -1
 86  1486   C.3   24.69    4.40   25.50  1.94  -0.31  -0.2637   N    0.00    0.00    0.00    0.00    0.00    0.00 0 0 0 0 0   -1   -1   -1
 87  1489   C.3   25.02    2.86   25.55  1.94   0.36  -0.0007   N    0.00    0.00    0.00    0.00    0.00    0.00 0 0 0 0 0   -1   -1   -1
 88  1490   C.3   23.96    2.06   26.21  1.94   0.36   0.0390   N    0.00    0.00    0.00    0.00    0.00    0.00 0 0 0 0 0   -1   -1   -1
 89  1491   C.3   24.20    0.49   26.11  1.94  -0.14   0.0486   N    0.00    0.00    0.00    0.00    0.00    0.00 0 0 0 0 0   -1   -1   -1
 90  1492 N.pl3   23.25   -0.26   26.98  1.83  -0.10  -0.5295   P   23.61   -0.53   27.87    0.00    0.00    0.00 0 1 0 0 1   -1   -1   -1
 91  1493 C.cat   22.02   -0.62   26.75  1.90   0.00   0.8076   N    0.00    0.00    0.00    0.00    0.00    0.00 0 0 0 0 0   -1   -1   -1
 92  1494 N.pl3   21.25   -0.23   25.78  1.83  -0.65  -0.8627   P   20.66    0.07   25.03    0.31   -0.77   -0.55 0 2 0 2 2   -1   -1   -1
 93  1495 N.pl3   21.54   -1.42   27.60  1.83  -0.65  -0.8627   P   21.16   -2.05   28.27   -0.31    0.77    0.55 0 2 0 1 2   -1   -1   -1
 94  1509  N.am   25.86    5.19   27.58  1.83  -0.10  -0.4157   P   26.74    4.93   27.18    0.00    0.00    0.00 0 1 0 0 1   -1   -1   -1
 95  1514  C.ar   26.79    3.57   29.68  1.85   0.30   0.0118   N    0.00    0.00    0.00    0.00    0.00    0.00 0 0 0 0 0   -1   -1   -1
 96  1515  C.ar   25.55    2.92   29.80  1.85   0.34  -0.1256   N    0.00    0.00    0.00    0.00    0.00    0.00 0 0 0 0 0   -1   -1   -1
 97  1516  C.ar   27.89    2.71   29.28  1.85   0.34  -0.1256   N    0.00    0.00    0.00    0.00    0.00    0.00 0 0 0 0 0   -1   -1   -1
 98  1517  C.ar   25.36    1.55   29.66  1.85   0.34  -0.1704   N    0.00    0.00    0.00    0.00    0.00    0.00 0 0 0 0 0   -1   -1   -1
 99  1518  C.ar   27.66    1.37   29.03  1.85   0.34  -0.1704   N    0.00    0.00    0.00    0.00    0.00    0.00 0 0 0 0 0   -1   -1   -1
100  1519  C.ar   26.44    0.76   29.29  1.85   0.34  -0.1072   N    0.00    0.00    0.00    0.00    0.00    0.00 0 0 0 0 0   -1   -1   -1
<End>
