#
# This file is create by LigBuilder/Cavity.
# It stores the parameters for the pocket atoms.
# Creation time: Tue Apr  7 19:57:00 2026
#
# 1st column: ID of the atom
# 2nd column: ID of the atom in the original PDB file
# 3rd column: atom type
# 4th column: X coordinate
# 5th column: Y coordinate
# 6th column: Z coordinate
# 7th column: vdw radius
# 8th column: atomic hydrophobic scale
# 9th column: H-bond character
# 10th column: H-bond root X coordinate
# 11th column: H-bond root Y coordinate
# 12th column: H-bond root Z coordinate
#
<Start>
<Atom_number> 145
  1     2   C.3   16.86   18.39   76.09  1.94  -0.31  -0.0237   N    0.00    0.00    0.00    0.00    0.00    0.00 0 0 0 0 0   -1   -1   -1
  2     3   C.2   18.15   17.62   76.35  1.90  -0.03   0.5973   N    0.00    0.00    0.00    0.00    0.00    0.00 0 0 0 0 0   -1   -1   -1
  3     4   O.2   19.08   18.19   76.92  1.66  -0.40  -0.5679   P   19.84   18.65   77.38   -0.24   -0.46    0.85 2 0 2 0 2   -1   -1   -1
  4     5   C.3   17.17   19.62   75.26  1.94   0.36   0.0342   N    0.00    0.00    0.00    0.00    0.00    0.00 0 0 0 0 0   -1   -1   -1
  5     6   C.3   18.04   19.36   74.03  1.94   0.36   0.0018   N    0.00    0.00    0.00    0.00    0.00    0.00 0 0 0 0 0   -1   -1   -1
  6     7   S.3   17.34   18.05   73.05  2.09   0.25  -0.2737   N    0.00    0.00    0.00    0.00    0.00    0.00 0 0 0 0 0   -1   -1   -1
  7     8   C.3   16.19   18.77   71.92  1.94   0.53  -0.0536   N    0.00    0.00    0.00    0.00    0.00    0.00 0 0 0 0 0   -1   -1   -1
  8    20  N.am   18.25   16.48   75.76  1.83  -0.10  -0.4157   P   17.44   16.03   75.39    0.00    0.00    0.00 0 1 0 1 1   -1   -1   -1
  9    21   C.3   19.61   15.84   75.64  1.94  -0.31  -0.0249   N    0.00    0.00    0.00    0.00    0.00    0.00 0 0 0 0 0   -1   -1   -1
 10    22   C.2   20.34   16.39   74.41  1.90  -0.03   0.5973   N    0.00    0.00    0.00    0.00    0.00    0.00 0 0 0 0 0   -1   -1   -1
 11    23   O.2   19.87   16.22   73.27  1.66  -0.40  -0.5679   P   19.49   16.08   72.35   -0.56    0.82    0.11 2 0 2 0 2   -1   -1   -1
 12    31  N.am   21.42   17.10   74.58  1.83  -0.10  -0.4157   P   21.72   17.24   75.52    0.00    0.00    0.00 0 1 0 1 1   -1   -1   -1
 13    32   C.3   22.23   17.70   73.54  1.94  -0.31   0.0143   N    0.00    0.00    0.00    0.00    0.00    0.00 0 0 0 0 0   -1   -1   -1
 14    33   C.2   22.78   16.74   72.42  1.90  -0.03   0.5973   N    0.00    0.00    0.00    0.00    0.00    0.00 0 0 0 0 0   -1   -1   -1
 15    34   O.2   23.08   15.66   72.78  1.66  -0.40  -0.5679   P   23.33   14.74   73.09   -0.92   -0.33   -0.21 2 0 2 0 2   -1   -1   -1
 16    35   C.3   23.44   18.44   74.24  1.94  -0.01  -0.2041   N    0.00    0.00    0.00    0.00    0.00    0.00 0 0 0 0 0   -1   -1   -1
 17    36   C.2   24.56   17.59   74.76  1.90  -0.03   0.7130   N    0.00    0.00    0.00    0.00    0.00    0.00 0 0 0 0 0   -1   -1   -1
 18    37  N.am   24.43   17.11   76.01  1.83  -0.65  -0.9196   P   24.33   16.75   76.94   -0.49   -0.80   -0.36 0 2 0 2 2   -1   -1   -1
 19    38   O.2   25.56   17.25   74.15  1.66  -0.40  -0.5931   P   26.38   16.97   73.65    0.49    0.80    0.36 2 0 2 0 2   -1   -1   -1
 20    45  N.am   22.88   17.24   71.20  1.83  -0.10  -0.3479   P   22.64   18.19   71.01    0.00    0.00    0.00 0 1 0 1 1   -1   -1   -1
 21    46   C.3   23.34   16.39   70.16  1.94  -0.31  -0.2637   N    0.00    0.00    0.00    0.00    0.00    0.00 0 0 0 0 0   -1   -1   -1
 22    47   C.2   24.79   16.06   70.30  1.90  -0.03   0.7341   N    0.00    0.00    0.00    0.00    0.00    0.00 0 0 0 0 0   -1   -1   -1
 23    48   O.2   25.60   16.93   70.71  1.66  -0.40  -0.5894   P   26.24   17.62   71.04   -0.08   -0.36    0.93 2 0 2 0 2   -1   -1   -1
 24    49   C.3   23.03   17.06   68.88  1.94   0.36  -0.0007   N    0.00    0.00    0.00    0.00    0.00    0.00 0 0 0 0 0   -1   -1   -1
 25    50   C.3   21.48   17.00   68.52  1.94   0.36   0.0390   N    0.00    0.00    0.00    0.00    0.00    0.00 0 0 0 0 0   -1   -1   -1
 26    51   C.3   21.23   17.53   67.14  1.94  -0.14   0.0486   N    0.00    0.00    0.00    0.00    0.00    0.00 0 0 0 0 0   -1   -1   -1
 27    52 N.pl3   21.03   18.98   67.22  1.83  -0.10  -0.5295   P   21.44   19.47   67.99    0.00    0.00    0.00 0 1 0 1 1   -1   -1   -1
 28    53 C.cat   20.35   19.66   66.36  1.90   0.00   0.8076   N    0.00    0.00    0.00    0.00    0.00    0.00 0 0 0 0 0   -1   -1   -1
 29    54 N.pl3   19.88   19.27   65.17  1.83  -0.65  -0.8627   P   19.53   18.98   64.28   -0.86   -0.27    0.43 0 2 0 1 2   -1   -1   -1
 30    55 N.pl3   20.12   20.88   66.68  1.83  -0.65  -0.8627   P   19.94   21.83   66.93    0.86    0.27   -0.43 0 2 0 2 2   -1   -1   -1
 31    69  N.am   25.13   14.84   69.85  1.83  -0.10  -0.3479   P   24.39   14.24   69.55    0.00    0.00    0.00 0 1 0 0 1   -1   -1   -1
 32    70   C.3   26.49   14.32   69.77  1.94  -0.31  -0.2400   N    0.00    0.00    0.00    0.00    0.00    0.00 0 0 0 0 0   -1   -1   -1
 33    71   C.2   27.38   15.32   68.93  1.90  -0.03   0.7341   N    0.00    0.00    0.00    0.00    0.00    0.00 0 0 0 0 0   -1   -1   -1
 34    72   O.2   26.90   15.93   67.97  1.66  -0.40  -0.5894   P   26.51   16.42   67.19   -0.02    0.84    0.54 2 0 2 0 2   -1   -1   -1
 35    73   C.3   26.42   12.99   69.10  1.94   0.36  -0.0094   N    0.00    0.00    0.00    0.00    0.00    0.00 0 0 0 0 0   -1   -1   -1
 36    74   C.3   26.18   11.86   70.04  1.94   0.36   0.0187   N    0.00    0.00    0.00    0.00    0.00    0.00 0 0 0 0 0   -1   -1   -1
 37    91  N.am   28.65   15.22   69.14  1.83  -0.10  -0.3479   P   28.94   14.77   69.98    0.00    0.00    0.00 0 1 0 1 1   -1   -1   -1
 38    92   C.3   29.73   15.73   68.21  1.94  -0.31  -0.2400   N    0.00    0.00    0.00    0.00    0.00    0.00 0 0 0 0 0   -1   -1   -1
 39    93   C.2   29.46   15.43   66.68  1.90  -0.03   0.7341   N    0.00    0.00    0.00    0.00    0.00    0.00 0 0 0 0 0   -1   -1   -1
 40    94   O.2   29.14   14.29   66.36  1.66  -0.40  -0.5894   P   28.88   13.36   66.10   -0.96    0.26    0.03 2 0 2 0 2   -1   -1   -1
 41    95   C.3   31.16   15.40   68.68  1.94   0.36  -0.0094   N    0.00    0.00    0.00    0.00    0.00    0.00 0 0 0 0 0   -1   -1   -1
 42    96   C.3   32.37   16.11   68.06  1.94   0.36   0.0187   N    0.00    0.00    0.00    0.00    0.00    0.00 0 0 0 0 0   -1   -1   -1
 43    97   C.3   33.74   15.78   68.56  1.94   0.36  -0.0479   N    0.00    0.00    0.00    0.00    0.00    0.00 0 0 0 0 0   -1   -1   -1
 44    98   C.3   33.83   16.23   69.98  1.94  -0.14  -0.0143   N    0.00    0.00    0.00    0.00    0.00    0.00 0 0 0 0 0   -1   -1   -1
 45    99   N.4   35.17   15.84   70.41  1.86  -2.00  -0.3854   P   36.09   15.57   70.70   -0.37   -0.86    0.37 0 3 0 3 3   -1   -1   -1
 46   113  N.am   29.70   16.41   65.79  1.83  -0.10  -0.4157   P   30.14   17.24   66.14    0.00    0.00    0.00 0 1 0 1 1   -1   -1   -1
 47   114   C.3   29.38   16.39   64.37  1.94  -0.31  -0.0875   N    0.00    0.00    0.00    0.00    0.00    0.00 0 0 0 0 0   -1   -1   -1
 48   115   C.2   30.33   15.45   63.72  1.90  -0.03   0.5973   N    0.00    0.00    0.00    0.00    0.00    0.00 0 0 0 0 0   -1   -1   -1
 49   116   O.2   31.53   15.53   63.90  1.66  -0.40  -0.5679   P   32.52   15.60   64.05   -0.04   -0.77    0.64 2 0 1 0 2   -1   -1   -1
 50   117   C.3   29.48   17.85   63.79  1.94   0.13   0.2985   N    0.00    0.00    0.00    0.00    0.00    0.00 0 0 0 0 0   -1   -1   -1
 51   118   C.3   29.55   17.87   62.22  1.94   0.53  -0.3192   N    0.00    0.00    0.00    0.00    0.00    0.00 0 0 0 0 0   -1   -1   -1
 52   119   C.3   28.28   18.64   64.28  1.94   0.53  -0.3192   N    0.00    0.00    0.00    0.00    0.00    0.00 0 0 0 0 0   -1   -1   -1
 53   689   O.2   35.46   22.33   64.02  1.66  -0.40  -0.5679   P   34.92   21.87   64.72   -0.67   -0.26   -0.69 2 0 1 0 2   -1   -1   -1
 54   727   C.3   38.70   20.94   66.22  1.94  -0.31  -0.2400   N    0.00    0.00    0.00    0.00    0.00    0.00 0 0 0 0 0   -1   -1   -1
 55   728   C.2   37.54   20.45   67.03  1.90  -0.03   0.7341   N    0.00    0.00    0.00    0.00    0.00    0.00 0 0 0 0 0   -1   -1   -1
 56   729   O.2   37.76   19.67   67.97  1.66  -0.40  -0.5894   P   37.94   19.04   68.73    0.17    0.78    0.61 2 0 2 0 2   -1   -1   -1
 57   748  N.am   36.32   20.94   66.74  1.83  -0.10  -0.4157   P   36.24   21.56   65.96    0.00    0.00    0.00 0 1 0 0 1   -1   -1   -1
 58   749   C.3   35.09   20.63   67.49  1.94  -0.31  -0.0014   N    0.00    0.00    0.00    0.00    0.00    0.00 0 0 0 0 0   -1   -1   -1
 59   750   C.2   34.33   19.44   66.88  1.90  -0.03   0.5973   N    0.00    0.00    0.00    0.00    0.00    0.00 0 0 0 0 0   -1   -1   -1
 60   751   O.2   33.25   19.22   67.38  1.66  -0.40  -0.5679   P   32.36   19.04   67.79   -0.41    0.70   -0.58 2 0 2 0 2   -1   -1   -1
 61   752   C.3   34.25   21.90   67.47  1.94  -0.01  -0.0152   N    0.00    0.00    0.00    0.00    0.00    0.00 0 0 0 0 0   -1   -1   -1
 62   753  C.ar   34.90   23.13   67.97  1.85   0.30  -0.0011   N    0.00    0.00    0.00    0.00    0.00    0.00 0 0 0 0 0   -1   -1   -1
 63   754  C.ar   35.25   24.16   67.07  1.85   0.34  -0.1906   N    0.00    0.00    0.00    0.00    0.00    0.00 0 0 0 0 0   -1   -1   -1
 64   755  C.ar   35.22   23.33   69.34  1.85   0.34  -0.1906   N    0.00    0.00    0.00    0.00    0.00    0.00 0 0 0 0 0   -1   -1   -1
 65   756  C.ar   36.05   25.24   67.42  1.85   0.34  -0.2341   N    0.00    0.00    0.00    0.00    0.00    0.00 0 0 0 0 0   -1   -1   -1
 66   757  C.ar   36.22   24.29   69.65  1.85   0.34  -0.2341   N    0.00    0.00    0.00    0.00    0.00    0.00 0 0 0 0 0   -1   -1   -1
 67   758  C.ar   36.57   25.27   68.71  1.85  -0.15   0.3226   N    0.00    0.00    0.00    0.00    0.00    0.00 0 0 0 0 0   -1   -1   -1
 68   759   O.3   37.30   26.31   69.19  1.74   0.08  -0.5579   P   37.84   27.08   69.54    0.70   -0.17   -0.70 2 1 1 1 3   -1   -1   -1
 69   769  N.am   34.80   18.82   65.79  1.83  -0.10  -0.4157   P   35.69   19.13   65.45    0.00    0.00    0.00 0 1 0 1 1   -1   -1   -1
 70   770   C.3   34.14   17.71   65.01  1.94  -0.31  -0.0237   N    0.00    0.00    0.00    0.00    0.00    0.00 0 0 0 0 0   -1   -1   -1
 71   771   C.2   34.96   16.41   65.08  1.90  -0.03   0.5973   N    0.00    0.00    0.00    0.00    0.00    0.00 0 0 0 0 0   -1   -1   -1
 72   772   O.2   36.06   16.36   65.66  1.66  -0.40  -0.5679   P   36.94   16.32   66.13   -0.46    0.05    0.88 2 0 2 0 2   -1   -1   -1
 73   773   C.3   33.91   18.21   63.57  1.94   0.36   0.0342   N    0.00    0.00    0.00    0.00    0.00    0.00 0 0 0 0 0   -1   -1   -1
 74   774   C.3   33.06   19.47   63.46  1.94   0.36   0.0018   N    0.00    0.00    0.00    0.00    0.00    0.00 0 0 0 0 0   -1   -1   -1
 75   775   S.3   32.44   19.78   61.77  2.09   0.25  -0.2737   N    0.00    0.00    0.00    0.00    0.00    0.00 0 0 0 0 0   -1   -1   -1
 76  2037  N.am   24.29   12.53   65.17  1.83  -0.10  -0.5163   P   24.98   12.99   65.73    0.00    0.00    0.00 0 1 0 1 1   -1   -1   -1
 77  2038   C.3   23.03   13.27   65.00  1.94  -0.31   0.0381   N    0.00    0.00    0.00    0.00    0.00    0.00 0 0 0 0 0   -1   -1   -1
 78  2039   C.2   23.02   14.19   63.74  1.90  -0.03   0.5366   N    0.00    0.00    0.00    0.00    0.00    0.00 0 0 0 0 0   -1   -1   -1
 79  2041   C.3   22.72   14.04   66.32  1.94   0.01  -0.0303   N    0.00    0.00    0.00    0.00    0.00    0.00 0 0 0 0 0   -1   -1   -1
 80  2042   C.2   22.55   13.19   67.54  1.90  -0.03   0.7994   N    0.00    0.00    0.00    0.00    0.00    0.00 0 0 0 0 0   -1   -1   -1
 81  2044 O.co2   23.05   13.52   68.65  1.66  -0.88  -0.8014   P   23.45   13.78   69.53   -0.79    0.58    0.19 2 0 1 0 2   -1   -1   -1
 82  2049  N.am   24.22   14.77   63.41  1.83  -0.10  -0.4157   P   24.97   14.70   64.07    0.00    0.00    0.00 0 1 0 1 1   -1   -1   -1
 83  2050   C.3   24.48   15.49   62.14  1.94  -0.31  -0.0597   N    0.00    0.00    0.00    0.00    0.00    0.00 0 0 0 0 0   -1   -1   -1
 84  2052   O.2   26.87   14.95   62.02  1.66  -0.40  -0.5679   P   27.75   14.94   62.50   -0.12   -0.97    0.21 2 0 1 0 2   -1   -1   -1
 85  2053   C.3   24.69   17.00   62.43  1.94   0.13   0.1303   N    0.00    0.00    0.00    0.00    0.00    0.00 0 0 0 0 0   -1   -1   -1
 86  2054   C.3   23.50   17.58   63.23  1.94   0.36  -0.0430   N    0.00    0.00    0.00    0.00    0.00    0.00 0 0 0 0 0   -1   -1   -1
 87  2055   C.3   25.06   17.85   61.23  1.94   0.53  -0.3204   N    0.00    0.00    0.00    0.00    0.00    0.00 0 0 0 0 0   -1   -1   -1
 88  2056   C.3   23.77   18.98   63.90  1.94   0.53  -0.0660   N    0.00    0.00    0.00    0.00    0.00    0.00 0 0 0 0 0   -1   -1   -1
 89  4483   C.2   17.97   21.88   63.07  1.90  -0.03   0.7341   N    0.00    0.00    0.00    0.00    0.00    0.00 0 0 0 0 0   -1   -1   -1
 90  4484   O.2   18.25   21.39   64.14  1.66  -0.40  -0.5894   P   18.48   20.98   65.02    0.56    0.80    0.22 2 0 0 0 2   -1   -1   -1
 91  4486   C.3   21.23   22.09   63.02  1.94   0.36   0.0390   N    0.00    0.00    0.00    0.00    0.00    0.00 0 0 0 0 0   -1   -1   -1
 92  4487   C.3   22.38   23.12   63.13  1.94  -0.14   0.0486   N    0.00    0.00    0.00    0.00    0.00    0.00 0 0 0 0 0   -1   -1   -1
 93  4488 N.pl3   23.22   22.85   64.32  1.83  -0.10  -0.5295   P   24.07   22.35   64.16    0.00    0.00    0.00 0 1 0 0 1   -1   -1   -1
 94  4489 C.cat   22.98   23.18   65.54  1.90   0.00   0.8076   N    0.00    0.00    0.00    0.00    0.00    0.00 0 0 0 0 0   -1   -1   -1
 95  4490 N.pl3   21.82   23.71   66.01  1.83  -0.65  -0.8627   P   20.97   24.10   66.36   -0.32   -0.92    0.23 0 2 0 2 2   -1   -1   -1
 96  4491 N.pl3   23.96   23.06   66.43  1.83  -0.65  -0.8627   P   24.70   22.97   67.10    0.32    0.92   -0.23 0 2 0 1 2   -1   -1   -1
 97  4505  N.am   16.85   22.67   63.02  1.83  -0.10  -0.4157   P   16.50   22.98   62.14    0.00    0.00    0.00 0 1 0 0 1   -1   -1   -1
 98  4506   C.3   16.17   23.06   64.26  1.94  -0.31  -0.0249   N    0.00    0.00    0.00    0.00    0.00    0.00 0 0 0 0 0   -1   -1   -1
 99  4507   C.2   14.90   22.35   64.60  1.90  -0.03   0.5973   N    0.00    0.00    0.00    0.00    0.00    0.00 0 0 0 0 0   -1   -1   -1
100  4508   O.2   14.33   22.65   65.65  1.66  -0.40  -0.5679   P   13.87   22.89   66.50   -0.69    0.51   -0.52 2 0 2 0 2   -1   -1   -1
101  4509   C.3   15.85   24.56   64.21  1.94  -0.14   0.2117   N    0.00    0.00    0.00    0.00    0.00    0.00 0 0 0 0 0   -1   -1   -1
102  4510   O.3   17.00   25.28   63.73  1.74  -0.47  -0.6546   P   17.80   25.78   63.40    0.37   -0.85   -0.37 2 1 2 0 3   -1   -1   -1
103  4537  N.am   15.69   19.26   65.41  1.83  -0.10  -0.4157   P   16.20   20.02   65.02    0.00    0.00    0.00 0 1 0 0 1   -1   -1   -1
104  4538   C.3   16.42   18.23   66.12  1.94  -0.31   0.0143   N    0.00    0.00    0.00    0.00    0.00    0.00 0 0 0 0 0   -1   -1   -1
105  4539   C.2   15.95   16.82   65.76  1.90  -0.03   0.5973   N    0.00    0.00    0.00    0.00    0.00    0.00 0 0 0 0 0   -1   -1   -1
106  4540   O.2   16.14   15.89   66.58  1.66  -0.40  -0.5679   P   16.29   15.15   67.23   -0.99   -0.08    0.14 2 0 2 0 2   -1   -1   -1
107  4541   C.3   16.40   18.53   67.62  1.94  -0.01  -0.2041   N    0.00    0.00    0.00    0.00    0.00    0.00 0 0 0 0 0   -1   -1   -1
108  4542   C.2   16.73   19.98   68.05  1.90  -0.03   0.7130   N    0.00    0.00    0.00    0.00    0.00    0.00 0 0 0 0 0   -1   -1   -1
109  4543  N.am   16.02   20.65   68.90  1.83  -0.65  -0.9196   P   15.47   21.17   69.56    0.58   -0.32    0.74 0 2 0 2 2   -1   -1   -1
110  4544   O.2   17.66   20.58   67.58  1.66  -0.40  -0.5931   P   18.43   21.08   67.19   -0.58    0.32   -0.74 2 0 2 0 2   -1   -1   -1
111  4933   O.2   25.44   26.16   62.90  1.66  -0.40  -0.5679   P   24.92   26.18   63.75   -0.85    0.01   -0.52 2 0 1 0 2   -1   -1   -1
112  4947   C.3   26.07   23.62   61.95  1.94  -0.31  -0.0875   N    0.00    0.00    0.00    0.00    0.00    0.00 0 0 0 0 0   -1   -1   -1
113  4948   C.2   26.62   23.51   63.42  1.90  -0.03   0.5973   N    0.00    0.00    0.00    0.00    0.00    0.00 0 0 0 0 0   -1   -1   -1
114  4949   O.2   26.02   22.78   64.17  1.66  -0.40  -0.5679   P   25.52   22.17   64.79    0.50   -0.79   -0.37 2 0 0 0 2   -1   -1   -1
115  4950   C.3   26.36   22.30   61.04  1.94   0.13   0.2985   N    0.00    0.00    0.00    0.00    0.00    0.00 0 0 0 0 0   -1   -1   -1
116  4951   C.3   25.38   22.23   59.87  1.94   0.53  -0.3192   N    0.00    0.00    0.00    0.00    0.00    0.00 0 0 0 0 0   -1   -1   -1
117  4952   C.3   27.80   22.17   60.59  1.94   0.53  -0.3192   N    0.00    0.00    0.00    0.00    0.00    0.00 0 0 0 0 0   -1   -1   -1
118  4962  N.am   27.78   24.09   63.75  1.83  -0.10  -0.4157   P   28.29   24.58   63.04    0.00    0.00    0.00 0 1 0 0 1   -1   -1   -1
119  4963   C.3   28.35   24.04   65.14  1.94  -0.31  -0.0518   N    0.00    0.00    0.00    0.00    0.00    0.00 0 0 0 0 0   -1   -1   -1
120  4964   C.2   28.01   25.19   66.07  1.90  -0.03   0.5973   N    0.00    0.00    0.00    0.00    0.00    0.00 0 0 0 0 0   -1   -1   -1
121  4965   O.2   28.64   25.37   67.14  1.66  -0.40  -0.5679   P   29.14   25.51   67.99    0.63    0.61   -0.48 2 0 2 0 2   -1   -1   -1
122  4966   C.3   29.89   24.12   64.95  1.94   0.36  -0.1102   N    0.00    0.00    0.00    0.00    0.00    0.00 0 0 0 0 0   -1   -1   -1
123  4967   C.3   30.53   23.02   64.03  1.94   0.13   0.3531   N    0.00    0.00    0.00    0.00    0.00    0.00 0 0 0 0 0   -1   -1   -1
124  4968   C.3   32.08   23.17   64.07  1.94   0.53  -0.4121   N    0.00    0.00    0.00    0.00    0.00    0.00 0 0 0 0 0   -1   -1   -1
125  4969   C.3   30.28   21.60   64.45  1.94   0.53  -0.4121   N    0.00    0.00    0.00    0.00    0.00    0.00 0 0 0 0 0   -1   -1   -1
126  4981  N.am   27.01   25.94   65.70  1.83  -0.10  -0.4157   P   26.47   25.63   64.92    0.00    0.00    0.00 0 1 0 0 1   -1   -1   -1
127  4982   C.3   26.60   27.21   66.33  1.94  -0.31   0.0143   N    0.00    0.00    0.00    0.00    0.00    0.00 0 0 0 0 0   -1   -1   -1
128  4983   C.2   27.74   28.18   66.65  1.90  -0.03   0.5973   N    0.00    0.00    0.00    0.00    0.00    0.00 0 0 0 0 0   -1   -1   -1
129  4984   O.2   27.67   28.94   67.64  1.66  -0.40  -0.5679   P   27.61   29.55   68.43    0.44   -0.70    0.57 2 0 2 0 2   -1   -1   -1
130  4985   C.3   25.59   27.02   67.51  1.94  -0.01  -0.2041   N    0.00    0.00    0.00    0.00    0.00    0.00 0 0 0 0 0   -1   -1   -1
131  4986   C.2   24.20   26.56   67.01  1.90  -0.03   0.7130   N    0.00    0.00    0.00    0.00    0.00    0.00 0 0 0 0 0   -1   -1   -1
132  4987  N.am   23.27   26.13   67.85  1.83  -0.65  -0.9196   P   22.57   25.81   68.48   -0.34    0.93    0.10 0 2 0 2 2   -1   -1   -1
133  4988   O.2   23.91   26.58   65.79  1.66  -0.40  -0.5931   P   23.68   26.60   64.82    0.34   -0.93   -0.10 2 0 2 0 2   -1   -1   -1
134  4995  N.am   28.78   28.16   65.82  1.83  -0.10  -0.3479   P   28.72   27.55   65.03    0.00    0.00    0.00 0 1 0 0 1   -1   -1   -1
135  4996   C.3   30.03   28.96   65.95  1.94  -0.31  -0.2400   N    0.00    0.00    0.00    0.00    0.00    0.00 0 0 0 0 0   -1   -1   -1
136  4997   C.2   30.24   30.09   64.90  1.90  -0.03   0.7341   N    0.00    0.00    0.00    0.00    0.00    0.00 0 0 0 0 0   -1   -1   -1
137  4999   C.3   31.25   27.98   65.96  1.94   0.36  -0.0094   N    0.00    0.00    0.00    0.00    0.00    0.00 0 0 0 0 0   -1   -1   -1
138  5000   C.3   31.54   27.59   67.34  1.94   0.36   0.0187   N    0.00    0.00    0.00    0.00    0.00    0.00 0 0 0 0 0   -1   -1   -1
139  5001   C.3   32.79   26.74   67.31  1.94   0.36  -0.0479   N    0.00    0.00    0.00    0.00    0.00    0.00 0 0 0 0 0   -1   -1   -1
140  5002   C.3   33.02   26.08   68.72  1.94  -0.14  -0.0143   N    0.00    0.00    0.00    0.00    0.00    0.00 0 0 0 0 0   -1   -1   -1
141  5003   N.4   33.88   26.88   69.59  1.86  -2.00  -0.3854   P   34.47   27.43   70.19    0.71    0.01   -0.71 0 3 0 1 3   -1   -1   -1
142  5042  C.ar   28.88   32.00   68.55  1.90  -0.31   0.2057   N    0.00    0.00    0.00    0.00    0.00    0.00 0 0 0 0 0   -1   -1   -1
143  5057   C.2   33.62   30.32   68.79  1.90  -0.03   0.8054   N    0.00    0.00    0.00    0.00    0.00    0.00 0 0 0 0 0   -1   -1   -1
144  5058 O.co2   32.91   30.14   69.77  1.66  -0.88  -0.8188   P   32.33   29.99   70.57   -0.58   -0.62   -0.53 2 0 2 0 2   -1   -1   -1
145  5059 O.co2   34.56   29.61   68.60  1.66  -0.88  -0.8188   P   35.35   29.01   68.44    0.58    0.62    0.53 2 0 1 0 2   -1   -1   -1
<End>
