#
# This file is create by LigBuilder/Cavity.
# It stores the parameters for the pocket atoms.
# Creation time: Tue Apr  7 19:56:13 2026
#
# 1st column: ID of the atom
# 2nd column: ID of the atom in the original PDB file
# 3rd column: atom type
# 4th column: X coordinate
# 5th column: Y coordinate
# 6th column: Z coordinate
# 7th column: vdw radius
# 8th column: atomic hydrophobic scale
# 9th column: H-bond character
# 10th column: H-bond root X coordinate
# 11th column: H-bond root Y coordinate
# 12th column: H-bond root Z coordinate
#
<Start>
<Atom_number> 85
  1  4308   C.2   24.50   33.22   53.03  1.90  -0.03   0.5973   N    0.00    0.00    0.00    0.00    0.00    0.00 0 0 0 0 0   -1   -1   -1
  2  4309   O.2   24.07   32.15   53.35  1.66  -0.40  -0.5679   P   23.71   31.26   53.62    0.72   -0.08    0.69 2 0 1 0 2   -1   -1   -1
  3  4325  N.am   24.03   34.32   53.66  1.83  -0.10  -0.3479   P   24.22   35.20   53.23    0.00    0.00    0.00 0 1 0 1 1   -1   -1   -1
  4  4326   C.3   23.30   34.33   54.87  1.94  -0.31  -0.2400   N    0.00    0.00    0.00    0.00    0.00    0.00 0 0 0 0 0   -1   -1   -1
  5  4327   C.2   21.87   33.81   54.64  1.90  -0.03   0.7341   N    0.00    0.00    0.00    0.00    0.00    0.00 0 0 0 0 0   -1   -1   -1
  6  4328   O.2   21.37   33.04   55.46  1.66  -0.40  -0.5894   P   20.96   32.41   56.13   -0.42    0.77    0.47 2 0 1 0 2   -1   -1   -1
  7  4329   C.3   23.18   35.75   55.49  1.94   0.36  -0.0094   N    0.00    0.00    0.00    0.00    0.00    0.00 0 0 0 0 0   -1   -1   -1
  8  4330   C.3   22.76   35.64   56.90  1.94   0.36   0.0187   N    0.00    0.00    0.00    0.00    0.00    0.00 0 0 0 0 0   -1   -1   -1
  9  4331   C.3   22.94   36.93   57.67  1.94   0.36  -0.0479   N    0.00    0.00    0.00    0.00    0.00    0.00 0 0 0 0 0   -1   -1   -1
 10  4332   C.3   24.42   37.25   57.84  1.94  -0.14  -0.0143   N    0.00    0.00    0.00    0.00    0.00    0.00 0 0 0 0 0   -1   -1   -1
 11  4333   N.4   24.60   38.20   58.94  1.86  -2.00  -0.3854   P   24.72   38.85   59.69    0.58    0.57   -0.58 0 3 0 3 3   -1   -1   -1
 12  4347  N.am   21.21   34.10   53.57  1.83  -0.10  -0.4157   P   21.64   34.73   52.92    0.00    0.00    0.00 0 1 0 0 1   -1   -1   -1
 13  4348   C.3   19.85   33.57   53.21  1.94  -0.30  -0.0252   N    0.00    0.00    0.00    0.00    0.00    0.00 0 0 0 0 0   -1   -1   -1
 14  4349   C.2   19.91   32.07   52.93  1.90  -0.03   0.5973   N    0.00    0.00    0.00    0.00    0.00    0.00 0 0 0 0 0   -1   -1   -1
 15  4350   O.2   18.97   31.26   53.11  1.66  -0.40  -0.5679   P   18.22   30.61   53.25   -0.35    0.21   -0.91 2 0 2 0 2   -1   -1   -1
 16  4354  N.am   21.08   31.61   52.37  1.83  -0.10  -0.4157   P   21.85   32.24   52.25    0.00    0.00    0.00 0 1 0 0 1   -1   -1   -1
 17  4355   C.3   21.21   30.21   51.94  1.94  -0.31   0.0188   N    0.00    0.00    0.00    0.00    0.00    0.00 0 0 0 0 0   -1   -1   -1
 18  4356   C.2   21.51   29.37   53.19  1.90  -0.03   0.5973   N    0.00    0.00    0.00    0.00    0.00    0.00 0 0 0 0 0   -1   -1   -1
 19  4357   O.2   20.84   28.36   53.44  1.66  -0.40  -0.5679   P   20.30   27.54   53.64    0.70   -0.57   -0.44 2 0 2 0 2   -1   -1   -1
 20  4372  N.am   22.41   29.81   54.05  1.83  -0.10  -0.4157   P   23.03   30.53   53.73    0.00    0.00    0.00 0 1 0 0 1   -1   -1   -1
 21  4373   C.3   22.58   29.33   55.46  1.94  -0.31   0.0337   N    0.00    0.00    0.00    0.00    0.00    0.00 0 0 0 0 0   -1   -1   -1
 22  4374   C.2   21.27   29.48   56.29  1.90  -0.03   0.5973   N    0.00    0.00    0.00    0.00    0.00    0.00 0 0 0 0 0   -1   -1   -1
 23  4375   O.2   20.98   28.55   57.06  1.66  -0.40  -0.5679   P   20.75   27.80   57.68    0.34    0.53    0.77 2 0 1 0 2   -1   -1   -1
 24  4376   C.3   23.61   30.18   56.15  1.94   0.53  -0.1825   N    0.00    0.00    0.00    0.00    0.00    0.00 0 0 0 0 0   -1   -1   -1
 25  4382  N.am   20.29   30.42   56.07  1.83  -0.10  -0.3479   P   20.47   31.20   55.46    0.00    0.00    0.00 0 1 0 0 1   -1   -1   -1
 26  4383   C.3   18.98   30.28   56.73  1.94  -0.31  -0.2637   N    0.00    0.00    0.00    0.00    0.00    0.00 0 0 0 0 0   -1   -1   -1
 27  4384   C.2   18.28   29.00   56.37  1.90  -0.03   0.7341   N    0.00    0.00    0.00    0.00    0.00    0.00 0 0 0 0 0   -1   -1   -1
 28  4385   O.2   17.54   28.49   57.21  1.66  -0.40  -0.5894   P   16.94   28.08   57.89   -0.79    0.40   -0.46 2 0 1 0 2   -1   -1   -1
 29  4386   C.3   17.98   31.44   56.53  1.94   0.36  -0.0007   N    0.00    0.00    0.00    0.00    0.00    0.00 0 0 0 0 0   -1   -1   -1
 30  4387   C.3   18.24   32.82   57.14  1.94   0.36   0.0390   N    0.00    0.00    0.00    0.00    0.00    0.00 0 0 0 0 0   -1   -1   -1
 31  4388   C.3   17.60   33.07   58.56  1.94  -0.14   0.0486   N    0.00    0.00    0.00    0.00    0.00    0.00 0 0 0 0 0   -1   -1   -1
 32  4389 N.pl3   17.92   32.04   59.58  1.83  -0.10  -0.5295   P   18.86   32.05   59.92    0.00    0.00    0.00 0 1 0 1 1   -1   -1   -1
 33  4390 C.cat   17.11   31.08   60.12  1.90   0.00   0.8076   N    0.00    0.00    0.00    0.00    0.00    0.00 0 0 0 0 0   -1   -1   -1
 34  4391 N.pl3   15.85   30.95   59.80  1.83  -0.65  -0.8627   P   14.89   30.85   59.56    0.26   -0.58   -0.77 0 2 0 2 2   -1   -1   -1
 35  4392 N.pl3   17.55   30.19   60.94  1.83  -0.65  -0.8627   P   17.89   29.50   61.58   -0.26    0.58    0.77 0 2 0 1 2   -1   -1   -1
 36  4406  N.am   18.55   28.26   55.25  1.83  -0.10  -0.4157   P   19.18   28.61   54.56    0.00    0.00    0.00 0 1 0 1 1   -1   -1   -1
 37  4419   C.2   20.09   24.79   58.11  1.90  -0.03   0.5973   N    0.00    0.00    0.00    0.00    0.00    0.00 0 0 0 0 0   -1   -1   -1
 38  4421   C.3   22.10   24.89   56.72  1.94   0.13   0.2985   N    0.00    0.00    0.00    0.00    0.00    0.00 0 0 0 0 0   -1   -1   -1
 39  4433  N.am   19.97   26.02   58.65  1.83  -0.10  -0.5163   P   20.14   26.82   58.08    0.00    0.00    0.00 0 1 0 0 1   -1   -1   -1
 40  4434   C.3   19.59   26.21   60.09  1.94  -0.31   0.0397   N    0.00    0.00    0.00    0.00    0.00    0.00 0 0 0 0 0   -1   -1   -1
 41  4437   C.3   20.02   27.65   60.45  1.94   0.36   0.0560   N    0.00    0.00    0.00    0.00    0.00    0.00 0 0 0 0 0   -1   -1   -1
 42  4438   C.3   20.14   27.86   61.95  1.94  -0.01   0.0136   N    0.00    0.00    0.00    0.00    0.00    0.00 0 0 0 0 0   -1   -1   -1
 43  4439   C.2   20.75   29.21   62.26  1.90  -0.03   0.8054   N    0.00    0.00    0.00    0.00    0.00    0.00 0 0 0 0 0   -1   -1   -1
 44  4440 O.co2   21.68   29.36   63.04  1.66  -0.88  -0.8188   P   22.44   29.48   63.68    0.65   -0.05   -0.76 2 0 2 0 2   -1   -1   -1
 45  4441 O.co2   20.18   30.17   61.71  1.66  -0.88  -0.8188   P   19.72   30.94   61.27   -0.65    0.05    0.76 2 0 1 0 2   -1   -1   -1
 46  4876   O.2   28.80   28.58   58.38  1.66  -0.40  -0.5679   P   28.53   28.67   59.34   -0.72    0.64   -0.26 2 0 1 0 2   -1   -1   -1
 47  4878  C.ar   28.88   31.50   56.79  1.85   0.30  -0.0011   N    0.00    0.00    0.00    0.00    0.00    0.00 0 0 0 0 0   -1   -1   -1
 48  4879  C.ar   27.50   31.38   56.61  1.85   0.34  -0.1906   N    0.00    0.00    0.00    0.00    0.00    0.00 0 0 0 0 0   -1   -1   -1
 49  4880  C.ar   29.44   32.23   57.80  1.85   0.34  -0.1906   N    0.00    0.00    0.00    0.00    0.00    0.00 0 0 0 0 0   -1   -1   -1
 50  4881  C.ar   26.68   32.14   57.48  1.85   0.34  -0.2341   N    0.00    0.00    0.00    0.00    0.00    0.00 0 0 0 0 0   -1   -1   -1
 51  4882  C.ar   28.64   32.93   58.68  1.85   0.34  -0.2341   N    0.00    0.00    0.00    0.00    0.00    0.00 0 0 0 0 0   -1   -1   -1
 52  4883  C.ar   27.21   32.98   58.52  1.85  -0.15   0.3226   N    0.00    0.00    0.00    0.00    0.00    0.00 0 0 0 0 0   -1   -1   -1
 53  4884   O.3   26.46   33.97   59.15  1.74   0.08  -0.5579   P   25.92   34.68   59.60    0.50    0.70   -0.50 2 1 2 1 3   -1   -1   -1
 54  4925   C.2   28.97   27.41   61.75  1.90  -0.03   0.5973   N    0.00    0.00    0.00    0.00    0.00    0.00 0 0 0 0 0   -1   -1   -1
 55  4926   O.2   28.81   27.31   62.94  1.66  -0.40  -0.5679   P   28.68   27.23   63.93    0.09    0.99    0.10 2 0 1 0 2   -1   -1   -1
 56  4930  N.am   27.90   27.59   60.89  1.83  -0.10  -0.4157   P   28.11   27.81   59.94    0.00    0.00    0.00 0 1 0 0 1   -1   -1   -1
 57  4931   C.3   26.46   27.48   61.25  1.94  -0.31  -0.0875   N    0.00    0.00    0.00    0.00    0.00    0.00 0 0 0 0 0   -1   -1   -1
 58  4932   C.2   26.09   26.13   61.84  1.90  -0.03   0.5973   N    0.00    0.00    0.00    0.00    0.00    0.00 0 0 0 0 0   -1   -1   -1
 59  4933   O.2   25.44   26.16   62.90  1.66  -0.40  -0.5679   P   24.92   26.18   63.75   -0.85    0.01   -0.52 2 0 1 0 2   -1   -1   -1
 60  4934   C.3   25.49   27.95   60.14  1.94   0.13   0.2985   N    0.00    0.00    0.00    0.00    0.00    0.00 0 0 0 0 0   -1   -1   -1
 61  4935   C.3   24.02   27.68   60.42  1.94   0.53  -0.3192   N    0.00    0.00    0.00    0.00    0.00    0.00 0 0 0 0 0   -1   -1   -1
 62  4936   C.3   25.65   29.40   59.65  1.94   0.53  -0.3192   N    0.00    0.00    0.00    0.00    0.00    0.00 0 0 0 0 0   -1   -1   -1
 63  4981  N.am   27.01   25.94   65.70  1.83  -0.10  -0.4157   P   26.47   25.63   64.92    0.00    0.00    0.00 0 1 0 0 1   -1   -1   -1
 64  4982   C.3   26.60   27.21   66.33  1.94  -0.31   0.0143   N    0.00    0.00    0.00    0.00    0.00    0.00 0 0 0 0 0   -1   -1   -1
 65  4983   C.2   27.74   28.18   66.65  1.90  -0.03   0.5973   N    0.00    0.00    0.00    0.00    0.00    0.00 0 0 0 0 0   -1   -1   -1
 66  4984   O.2   27.67   28.94   67.64  1.66  -0.40  -0.5679   P   27.61   29.55   68.43    0.44   -0.70    0.57 2 0 2 0 2   -1   -1   -1
 67  4985   C.3   25.59   27.02   67.51  1.94  -0.01  -0.2041   N    0.00    0.00    0.00    0.00    0.00    0.00 0 0 0 0 0   -1   -1   -1
 68  4986   C.2   24.20   26.56   67.01  1.90  -0.03   0.7130   N    0.00    0.00    0.00    0.00    0.00    0.00 0 0 0 0 0   -1   -1   -1
 69  4987  N.am   23.27   26.13   67.85  1.83  -0.65  -0.9196   P   22.57   25.81   68.48   -0.34    0.93    0.10 0 2 0 2 2   -1   -1   -1
 70  4988   O.2   23.91   26.58   65.79  1.66  -0.40  -0.5931   P   23.68   26.60   64.82    0.34   -0.93   -0.10 2 0 2 0 2   -1   -1   -1
 71  4995  N.am   28.78   28.16   65.82  1.83  -0.10  -0.3479   P   28.72   27.55   65.03    0.00    0.00    0.00 0 1 0 0 1   -1   -1   -1
 72  4996   C.3   30.03   28.96   65.95  1.94  -0.31  -0.2400   N    0.00    0.00    0.00    0.00    0.00    0.00 0 0 0 0 0   -1   -1   -1
 73  4997   C.2   30.24   30.09   64.90  1.90  -0.03   0.7341   N    0.00    0.00    0.00    0.00    0.00    0.00 0 0 0 0 0   -1   -1   -1
 74  5017  N.am   29.20   30.54   64.11  1.83  -0.10  -0.4157   P   28.27   30.23   64.32    0.00    0.00    0.00 0 1 0 1 1   -1   -1   -1
 75  5018   C.3   29.39   31.44   63.00  1.94  -0.31   0.0188   N    0.00    0.00    0.00    0.00    0.00    0.00 0 0 0 0 0   -1   -1   -1
 76  5019   C.2   29.92   32.86   63.39  1.90  -0.03   0.5973   N    0.00    0.00    0.00    0.00    0.00    0.00 0 0 0 0 0   -1   -1   -1
 77  5020   O.2   30.32   33.62   62.51  1.66  -0.40  -0.5679   P   30.65   34.24   61.79   -0.94    0.29   -0.18 2 0 2 0 2   -1   -1   -1
 78  5021   C.3   28.01   31.58   62.34  1.94  -0.01  -0.0462   N    0.00    0.00    0.00    0.00    0.00    0.00 0 0 0 0 0   -1   -1   -1
 79  5022  C.ar   27.21   32.64   62.99  1.90  -0.03  -0.0266   N    0.00    0.00    0.00    0.00    0.00    0.00 0 0 0 0 0   -1   -1   -1
 80  5023  C.ar   26.84   33.85   62.48  1.90  -0.31   0.1292   N    0.00    0.00    0.00    0.00    0.00    0.00 0 0 0 0 0   -1   -1   -1
 81  5024  N.ar   26.64   32.45   64.27  1.87   0.14  -0.3811   P   26.66   31.64   64.86    0.00    0.00    0.00 1 1 1 1 1   82   -1   80
 82  5025  C.ar   26.05   33.67   64.50  1.90  -0.31   0.2057   N    0.00    0.00    0.00    0.00    0.00    0.00 0 0 0 0 0   -1   -1   -1
 83  5026  N.ar   26.07   34.45   63.47  1.87   0.14  -0.5727   P   25.61   35.33   63.40    0.00    0.00    0.00 1 1 1 1 1   80   -1   82
 84  5034  N.am   29.78   33.21   64.69  1.83  -0.10  -0.4157   P   29.24   32.62   65.29    0.00    0.00    0.00 0 1 0 0 1   -1   -1   -1
 85  5041  N.ar   28.54   32.75   67.51  1.87   0.14  -0.3811   P   27.84   32.55   66.82    0.00    0.00    0.00 1 1 0 0 1   -1   -1   84
<End>
