#
# This file is create by LigBuilder/Cavity.
# It stores the parameters for the pocket atoms.
# Creation time: Tue Apr  7 19:57:03 2026
#
# 1st column: ID of the atom
# 2nd column: ID of the atom in the original PDB file
# 3rd column: atom type
# 4th column: X coordinate
# 5th column: Y coordinate
# 6th column: Z coordinate
# 7th column: vdw radius
# 8th column: atomic hydrophobic scale
# 9th column: H-bond character
# 10th column: H-bond root X coordinate
# 11th column: H-bond root Y coordinate
# 12th column: H-bond root Z coordinate
#
<Start>
<Atom_number> 148
  1   139  N.am   32.30   14.30   60.39  1.83  -0.10  -0.4157   P   32.99   13.94   61.02    0.00    0.00    0.00 0 1 0 0 1   -1   -1   -1
  2   140   C.3   32.68   14.98   59.20  1.94  -0.31  -0.0014   N    0.00    0.00    0.00    0.00    0.00    0.00 0 0 0 0 0   -1   -1   -1
  3   141   C.2   33.63   14.15   58.32  1.90  -0.03   0.5973   N    0.00    0.00    0.00    0.00    0.00    0.00 0 0 0 0 0   -1   -1   -1
  4   142   O.2   34.64   13.58   58.76  1.66  -0.40  -0.5679   P   35.45   13.12   59.11   -0.55   -0.81    0.22 2 0 2 0 2   -1   -1   -1
  5   143   C.3   33.38   16.28   59.69  1.94  -0.01  -0.0152   N    0.00    0.00    0.00    0.00    0.00    0.00 0 0 0 0 0   -1   -1   -1
  6   144  C.ar   34.02   17.08   58.59  1.85   0.30  -0.0011   N    0.00    0.00    0.00    0.00    0.00    0.00 0 0 0 0 0   -1   -1   -1
  7   145  C.ar   35.31   16.77   58.14  1.85   0.34  -0.1906   N    0.00    0.00    0.00    0.00    0.00    0.00 0 0 0 0 0   -1   -1   -1
  8   146  C.ar   33.27   18.15   58.02  1.85   0.34  -0.1906   N    0.00    0.00    0.00    0.00    0.00    0.00 0 0 0 0 0   -1   -1   -1
  9   147  C.ar   35.85   17.60   57.13  1.85   0.34  -0.2341   N    0.00    0.00    0.00    0.00    0.00    0.00 0 0 0 0 0   -1   -1   -1
 10   148  C.ar   33.82   18.83   56.94  1.85   0.34  -0.2341   N    0.00    0.00    0.00    0.00    0.00    0.00 0 0 0 0 0   -1   -1   -1
 11   149  C.ar   35.07   18.55   56.40  1.85  -0.15   0.3226   N    0.00    0.00    0.00    0.00    0.00    0.00 0 0 0 0 0   -1   -1   -1
 12   150   O.3   35.59   19.17   55.37  1.74   0.08  -0.5579   P   35.99   19.64   54.58    0.35   -0.87   -0.35 2 1 2 0 3   -1   -1   -1
 13   160  N.am   33.23   14.07   57.03  1.83  -0.10  -0.4157   P   32.51   14.69   56.72    0.00    0.00    0.00 0 1 0 0 1   -1   -1   -1
 14   161   C.3   33.79   13.12   56.04  1.94  -0.31  -0.0024   N    0.00    0.00    0.00    0.00    0.00    0.00 0 0 0 0 0   -1   -1   -1
 15   162   C.2   34.62   13.81   54.85  1.90  -0.03   0.5973   N    0.00    0.00    0.00    0.00    0.00    0.00 0 0 0 0 0   -1   -1   -1
 16   163   O.2   33.94   14.64   54.24  1.66  -0.40  -0.5679   P   33.39   15.31   53.75    0.26    0.70    0.66 2 0 2 0 2   -1   -1   -1
 17   164   C.3   32.69   12.15   55.59  1.94  -0.01  -0.0343   N    0.00    0.00    0.00    0.00    0.00    0.00 0 0 0 0 0   -1   -1   -1
 18   165  C.ar   32.05   11.44   56.72  1.85   0.30   0.0118   N    0.00    0.00    0.00    0.00    0.00    0.00 0 0 0 0 0   -1   -1   -1
 19   166  C.ar   32.47   10.18   57.14  1.85   0.34  -0.1256   N    0.00    0.00    0.00    0.00    0.00    0.00 0 0 0 0 0   -1   -1   -1
 20   180  N.am   35.90   13.61   54.56  1.83  -0.10  -0.4157   P   36.39   12.89   55.05    0.00    0.00    0.00 0 1 0 1 1   -1   -1   -1
 21   181   C.3   36.62   14.40   53.56  1.94  -0.31   0.0188   N    0.00    0.00    0.00    0.00    0.00    0.00 0 0 0 0 0   -1   -1   -1
 22   182   C.2   37.85   13.53   53.26  1.90  -0.03   0.5973   N    0.00    0.00    0.00    0.00    0.00    0.00 0 0 0 0 0   -1   -1   -1
 23   183   O.2   38.35   12.81   54.16  1.66  -0.40  -0.5679   P   38.75   12.24   54.88   -0.65   -0.73   -0.22 2 0 2 0 2   -1   -1   -1
 24   184   C.3   37.01   15.77   54.19  1.94  -0.01  -0.0462   N    0.00    0.00    0.00    0.00    0.00    0.00 0 0 0 0 0   -1   -1   -1
 25   185  C.ar   37.72   16.75   53.25  1.90  -0.03  -0.0266   N    0.00    0.00    0.00    0.00    0.00    0.00 0 0 0 0 0   -1   -1   -1
 26   186  C.ar   39.06   16.68   52.95  1.90  -0.31   0.1292   N    0.00    0.00    0.00    0.00    0.00    0.00 0 0 0 0 0   -1   -1   -1
 27   187  N.ar   37.12   17.62   52.36  1.87   0.14  -0.3811   P   36.14   17.82   52.26    0.00    0.00    0.00 1 1 1 1 1   -1   -1   -1
 28   188  C.ar   38.16   18.15   51.64  1.90  -0.31   0.2057   N    0.00    0.00    0.00    0.00    0.00    0.00 0 0 0 0 0   -1   -1   -1
 29   189  N.ar   39.31   17.52   51.96  1.87   0.14  -0.5727   P   40.20   17.66   51.52    0.00    0.00    0.00 1 1 1 1 1   -1   -1   -1
 30   197  N.am   38.25   13.57   51.97  1.83  -0.10  -0.5163   P   37.62   13.91   51.27    0.00    0.00    0.00 0 1 0 1 1   -1   -1   -1
 31   198   C.3   39.61   13.12   51.58  1.94  -0.31   0.0381   N    0.00    0.00    0.00    0.00    0.00    0.00 0 0 0 0 0   -1   -1   -1
 32   199   C.2   40.25   14.07   50.58  1.90  -0.03   0.5366   N    0.00    0.00    0.00    0.00    0.00    0.00 0 0 0 0 0   -1   -1   -1
 33   200   O.2   39.77   14.20   49.46  1.66  -0.40  -0.5819   P   39.38   14.31   48.55   -0.55    0.77    0.32 2 0 1 0 2   -1   -1   -1
 34   201   C.3   39.55   11.59   51.26  1.94   0.01  -0.0303   N    0.00    0.00    0.00    0.00    0.00    0.00 0 0 0 0 0   -1   -1   -1
 35   202   C.2   40.69   11.15   50.36  1.90  -0.03   0.7994   N    0.00    0.00    0.00    0.00    0.00    0.00 0 0 0 0 0   -1   -1   -1
 36   203 O.co2   40.53   10.15   49.64  1.66  -0.88  -0.8014   P   40.40    9.35   49.06   -0.22    0.59   -0.77 2 0 2 0 2   -1   -1   -1
 37   204 O.co2   41.79   11.70   50.47  1.66  -0.88  -0.8014   P   42.68   12.15   50.56    0.22   -0.59    0.77 2 0 2 0 2   -1   -1   -1
 38   209  N.am   41.38   14.74   50.89  1.83   0.08  -0.2548   N    0.00    0.00    0.00    0.00    0.00    0.00 0 0 0 0 0   -1   -1   -1
 39   210   C.3   42.00   15.65   49.90  1.94  -0.31  -0.0266   N    0.00    0.00    0.00    0.00    0.00    0.00 0 0 0 0 0   -1   -1   -1
 40   211   C.2   42.35   15.14   48.53  1.90  -0.03   0.5896   N    0.00    0.00    0.00    0.00    0.00    0.00 0 0 0 0 0   -1   -1   -1
 41   212   O.2   42.45   15.92   47.61  1.66  -0.40  -0.5748   P   42.53   16.56   46.85    0.98    0.09    0.18 2 0 2 0 2   -1   -1   -1
 42   213   C.3   43.28   16.05   50.59  1.94   0.36  -0.0070   N    0.00    0.00    0.00    0.00    0.00    0.00 0 0 0 0 0   -1   -1   -1
 43   214   C.3   43.10   15.81   52.10  1.94   0.36   0.0189   N    0.00    0.00    0.00    0.00    0.00    0.00 0 0 0 0 0   -1   -1   -1
 44   215   C.3   42.12   14.69   52.20  1.94  -0.14   0.0192   N    0.00    0.00    0.00    0.00    0.00    0.00 0 0 0 0 0   -1   -1   -1
 45   223  N.am   42.51   13.80   48.29  1.83  -0.10  -0.5163   P   42.38   13.16   49.05    0.00    0.00    0.00 0 1 0 1 1   -1   -1   -1
 46   224   C.3   42.87   13.25   46.94  1.94  -0.31   0.0381   N    0.00    0.00    0.00    0.00    0.00    0.00 0 0 0 0 0   -1   -1   -1
 47   227   C.3   43.36   11.75   47.09  1.94   0.01  -0.0303   N    0.00    0.00    0.00    0.00    0.00    0.00 0 0 0 0 0   -1   -1   -1
 48   228   C.2   44.62   11.62   48.03  1.90  -0.03   0.7994   N    0.00    0.00    0.00    0.00    0.00    0.00 0 0 0 0 0   -1   -1   -1
 49   229 O.co2   44.95   10.47   48.43  1.66  -0.88  -0.8014   P   45.21    9.56   48.75    0.32   -0.23   -0.92 2 0 2 0 2   -1   -1   -1
 50   230 O.co2   45.42   12.61   48.06  1.66  -0.88  -0.8014   P   46.05   13.39   48.08   -0.32    0.23    0.92 2 0 2 0 2   -1   -1   -1
 51   240   C.3   37.97   12.23   47.51  1.94   0.36  -0.0430   N    0.00    0.00    0.00    0.00    0.00    0.00 0 0 0 0 0   -1   -1   -1
 52   242   C.3   36.97   12.17   48.75  1.94   0.53  -0.0660   N    0.00    0.00    0.00    0.00    0.00    0.00 0 0 0 0 0   -1   -1   -1
 53   506   O.2   40.63   22.46   50.35  1.66  -0.40  -0.5894   P   41.09   22.64   51.22    0.87    0.10   -0.48 2 0 1 0 2   -1   -1   -1
 54   507   C.3   41.12   20.11   48.42  1.94   0.36  -0.0007   N    0.00    0.00    0.00    0.00    0.00    0.00 0 0 0 0 0   -1   -1   -1
 55   559   C.3   38.22   22.14   53.71  1.94  -0.31   0.0188   N    0.00    0.00    0.00    0.00    0.00    0.00 0 0 0 0 0   -1   -1   -1
 56   560   C.2   39.39   22.97   54.23  1.90  -0.03   0.5973   N    0.00    0.00    0.00    0.00    0.00    0.00 0 0 0 0 0   -1   -1   -1
 57   561   O.2   39.61   23.11   55.49  1.66  -0.40  -0.5679   P   39.78   23.22   56.47    0.64   -0.77   -0.03 2 0 1 0 2   -1   -1   -1
 58   562   C.3   38.47   20.59   53.67  1.94  -0.01  -0.0462   N    0.00    0.00    0.00    0.00    0.00    0.00 0 0 0 0 0   -1   -1   -1
 59   563  C.ar   39.10   20.03   54.96  1.90  -0.03  -0.0266   N    0.00    0.00    0.00    0.00    0.00    0.00 0 0 0 0 0   -1   -1   -1
 60   564  C.ar   40.36   19.51   55.09  1.90  -0.31   0.1292   N    0.00    0.00    0.00    0.00    0.00    0.00 0 0 0 0 0   -1   -1   -1
 61   565  N.ar   38.43   20.02   56.20  1.87   0.14  -0.3811   P   37.50   20.33   56.40    0.00    0.00    0.00 1 1 0 0 1    4   -1    2
 62   566  C.ar   39.31   19.50   57.04  1.90  -0.31   0.2057   N    0.00    0.00    0.00    0.00    0.00    0.00 0 0 0 0 0   -1   -1   -1
 63   567  N.ar   40.45   19.14   56.41  1.87   0.14  -0.5727   P   41.23   18.68   56.83    0.00    0.00    0.00 1 1 0 1 1    2   -1    4
 64   575  N.am   40.14   23.62   53.31  1.83  -0.10  -0.4157   P   39.99   23.47   52.33    0.00    0.00    0.00 0 1 0 0 1   -1   -1   -1
 65   611   C.3   36.46   22.49   58.70  1.94   0.53  -0.3204   N    0.00    0.00    0.00    0.00    0.00    0.00 0 0 0 0 0   -1   -1   -1
 66   624  N.am   39.59   24.19   58.14  1.83  -0.10  -0.4157   P   39.53   23.73   57.26    0.00    0.00    0.00 0 1 0 0 1   -1   -1   -1
 67   625   C.3   40.95   24.31   58.76  1.94  -0.31  -0.0875   N    0.00    0.00    0.00    0.00    0.00    0.00 0 0 0 0 0   -1   -1   -1
 68   626   C.2   41.23   25.70   59.28  1.90  -0.03   0.5973   N    0.00    0.00    0.00    0.00    0.00    0.00 0 0 0 0 0   -1   -1   -1
 69   628   C.3   42.17   23.71   57.95  1.94   0.13   0.2985   N    0.00    0.00    0.00    0.00    0.00    0.00 0 0 0 0 0   -1   -1   -1
 70   629   C.3   43.49   23.89   58.72  1.94   0.53  -0.3192   N    0.00    0.00    0.00    0.00    0.00    0.00 0 0 0 0 0   -1   -1   -1
 71   630   C.3   41.89   22.17   57.84  1.94   0.53  -0.3192   N    0.00    0.00    0.00    0.00    0.00    0.00 0 0 0 0 0   -1   -1   -1
 72   706   C.3   37.44   20.86   62.64  1.94  -0.31  -0.0014   N    0.00    0.00    0.00    0.00    0.00    0.00 0 0 0 0 0   -1   -1   -1
 73   707   C.2   37.99   20.35   63.96  1.90  -0.03   0.5973   N    0.00    0.00    0.00    0.00    0.00    0.00 0 0 0 0 0   -1   -1   -1
 74   708   O.2   37.92   19.17   64.23  1.66  -0.40  -0.5679   P   37.86   18.20   64.45    0.91   -0.14   -0.39 2 0 2 0 2   -1   -1   -1
 75   709   C.3   38.46   20.45   61.56  1.94  -0.01  -0.0152   N    0.00    0.00    0.00    0.00    0.00    0.00 0 0 0 0 0   -1   -1   -1
 76   710  C.ar   39.92   20.80   61.70  1.85   0.30  -0.0011   N    0.00    0.00    0.00    0.00    0.00    0.00 0 0 0 0 0   -1   -1   -1
 77   711  C.ar   40.34   22.10   61.91  1.85   0.34  -0.1906   N    0.00    0.00    0.00    0.00    0.00    0.00 0 0 0 0 0   -1   -1   -1
 78   712  C.ar   40.84   19.74   61.74  1.85   0.34  -0.1906   N    0.00    0.00    0.00    0.00    0.00    0.00 0 0 0 0 0   -1   -1   -1
 79   713  C.ar   41.62   22.38   62.34  1.85   0.34  -0.2341   N    0.00    0.00    0.00    0.00    0.00    0.00 0 0 0 0 0   -1   -1   -1
 80   714  C.ar   42.19   19.99   62.10  1.85   0.34  -0.2341   N    0.00    0.00    0.00    0.00    0.00    0.00 0 0 0 0 0   -1   -1   -1
 81   715  C.ar   42.57   21.32   62.45  1.85  -0.15   0.3226   N    0.00    0.00    0.00    0.00    0.00    0.00 0 0 0 0 0   -1   -1   -1
 82   716   O.3   43.88   21.59   62.82  1.74   0.08  -0.5579   P   44.82   21.78   63.09    0.27   -0.93   -0.27 2 1 2 1 3   -1   -1   -1
 83   726  N.am   38.50   21.25   64.82  1.83  -0.10  -0.3479   P   38.75   22.16   64.48    0.00    0.00    0.00 0 1 0 0 1   -1   -1   -1
 84   788   C.2   35.13   13.59   63.32  1.90  -0.03   0.5366   N    0.00    0.00    0.00    0.00    0.00    0.00 0 0 0 0 0   -1   -1   -1
 85   789   O.2   34.19   13.55   62.55  1.66  -0.40  -0.5819   P   33.42   13.52   61.92    0.01    1.00   -0.06 2 0 1 0 2   -1   -1   -1
 86   794 O.co2   36.58   11.04   65.60  1.66  -0.88  -0.8188   P   37.41   10.77   65.12    0.09    0.93   -0.36 2 0 2 0 2   -1   -1   -1
 87   801  N.am   36.39   13.55   62.87  1.83  -0.10  -0.4157   P   37.11   13.40   63.54    0.00    0.00    0.00 0 1 0 1 1   -1   -1   -1
 88   802   C.3   36.79   13.70   61.49  1.94  -0.31  -0.0875   N    0.00    0.00    0.00    0.00    0.00    0.00 0 0 0 0 0   -1   -1   -1
 89   803   C.2   37.20   12.44   60.77  1.90  -0.03   0.5973   N    0.00    0.00    0.00    0.00    0.00    0.00 0 0 0 0 0   -1   -1   -1
 90   804   O.2   38.26   12.37   60.22  1.66  -0.40  -0.5679   P   39.15   12.31   59.76    0.40   -0.41    0.82 2 0 2 0 2   -1   -1   -1
 91   805   C.3   37.78   14.91   61.33  1.94   0.13   0.2985   N    0.00    0.00    0.00    0.00    0.00    0.00 0 0 0 0 0   -1   -1   -1
 92   806   C.3   37.19   16.23   61.94  1.94   0.53  -0.3192   N    0.00    0.00    0.00    0.00    0.00    0.00 0 0 0 0 0   -1   -1   -1
 93   807   C.3   39.15   14.79   61.94  1.94   0.53  -0.3192   N    0.00    0.00    0.00    0.00    0.00    0.00 0 0 0 0 0   -1   -1   -1
 94   817  N.am   36.32   11.42   60.68  1.83  -0.10  -0.4157   P   35.46   11.56   61.17    0.00    0.00    0.00 0 1 0 1 1   -1   -1   -1
 95   818   C.3   36.43   10.12   59.97  1.94  -0.31  -0.0014   N    0.00    0.00    0.00    0.00    0.00    0.00 0 0 0 0 0   -1   -1   -1
 96   819   C.2   37.17   10.17   58.61  1.90  -0.03   0.5973   N    0.00    0.00    0.00    0.00    0.00    0.00 0 0 0 0 0   -1   -1   -1
 97   820   O.2   36.85   10.95   57.70  1.66  -0.40  -0.5679   P   36.59   11.58   56.97    0.76    0.60    0.25 2 0 2 0 2   -1   -1   -1
 98   821   C.3   35.03    9.51   59.73  1.94  -0.01  -0.0152   N    0.00    0.00    0.00    0.00    0.00    0.00 0 0 0 0 0   -1   -1   -1
 99   822  C.ar   34.19    9.32   61.04  1.85   0.30  -0.0011   N    0.00    0.00    0.00    0.00    0.00    0.00 0 0 0 0 0   -1   -1   -1
100   823  C.ar   34.43    8.23   61.88  1.85   0.34  -0.1906   N    0.00    0.00    0.00    0.00    0.00    0.00 0 0 0 0 0   -1   -1   -1
101   824  C.ar   33.19   10.29   61.34  1.85   0.34  -0.1906   N    0.00    0.00    0.00    0.00    0.00    0.00 0 0 0 0 0   -1   -1   -1
102   825  C.ar   33.77    8.14   63.09  1.85   0.34  -0.2341   N    0.00    0.00    0.00    0.00    0.00    0.00 0 0 0 0 0   -1   -1   -1
103   838  N.am   38.00    9.20   58.41  1.83  -0.10  -0.3479   P   38.30    8.68   59.21    0.00    0.00    0.00 0 1 0 1 1   -1   -1   -1
104   839   C.3   38.54    8.79   57.11  1.94  -0.31  -0.2637   N    0.00    0.00    0.00    0.00    0.00    0.00 0 0 0 0 0   -1   -1   -1
105   840   C.2   37.57    7.86   56.33  1.90  -0.03   0.7341   N    0.00    0.00    0.00    0.00    0.00    0.00 0 0 0 0 0   -1   -1   -1
106   841   O.2   37.36    6.70   56.77  1.66  -0.40  -0.5894   P   37.19    5.78   57.12   -0.71    0.36    0.61 2 0 2 0 2   -1   -1   -1
107   842   C.3   39.89    8.02   57.25  1.94   0.36  -0.0007   N    0.00    0.00    0.00    0.00    0.00    0.00 0 0 0 0 0   -1   -1   -1
108   843   C.3   40.36    7.46   55.93  1.94   0.36   0.0390   N    0.00    0.00    0.00    0.00    0.00    0.00 0 0 0 0 0   -1   -1   -1
109   844   C.3   41.87    7.44   55.84  1.94  -0.14   0.0486   N    0.00    0.00    0.00    0.00    0.00    0.00 0 0 0 0 0   -1   -1   -1
110   845 N.pl3   42.47    6.54   56.85  1.83  -0.10  -0.5295   P   41.86    5.91   57.32    0.00    0.00    0.00 0 1 0 1 1   -1   -1   -1
111   846 C.cat   43.78    6.51   57.18  1.90   0.00   0.8076   N    0.00    0.00    0.00    0.00    0.00    0.00 0 0 0 0 0   -1   -1   -1
112   847 N.pl3   44.62    7.33   56.70  1.83  -0.65  -0.8627   P   45.28    7.98   56.32   -0.41    0.74    0.53 0 2 0 2 2   -1   -1   -1
113   848 N.pl3   44.11    5.89   58.29  1.83  -0.65  -0.8627   P   44.36    5.42   59.14    0.41   -0.74   -0.53 0 2 0 2 2   -1   -1   -1
114   862  N.am   36.91    8.33   55.28  1.83   0.08  -0.2548   N    0.00    0.00    0.00    0.00    0.00    0.00 0 0 0 0 0   -1   -1   -1
115   863   C.3   35.87    7.60   54.55  1.94  -0.31  -0.0266   N    0.00    0.00    0.00    0.00    0.00    0.00 0 0 0 0 0   -1   -1   -1
116   864   C.2   36.40    6.42   53.67  1.90  -0.03   0.5896   N    0.00    0.00    0.00    0.00    0.00    0.00 0 0 0 0 0   -1   -1   -1
117   865   O.2   37.50    6.48   53.14  1.66  -0.40  -0.5748   P   38.40    6.53   52.71    0.40   -0.48    0.78 2 0 2 0 2   -1   -1   -1
118   866   C.3   35.01    8.60   53.77  1.94   0.36  -0.0070   N    0.00    0.00    0.00    0.00    0.00    0.00 0 0 0 0 0   -1   -1   -1
119   867   C.3   36.06    9.66   53.37  1.94   0.36   0.0189   N    0.00    0.00    0.00    0.00    0.00    0.00 0 0 0 0 0   -1   -1   -1
120   868   C.3   37.06    9.63   54.62  1.94  -0.14   0.0192   N    0.00    0.00    0.00    0.00    0.00    0.00 0 0 0 0 0   -1   -1   -1
121   876  N.am   35.61    5.36   53.42  1.83  -0.10  -0.4157   P   34.73    5.31   53.90    0.00    0.00    0.00 0 1 0 0 1   -1   -1   -1
122   877   C.3   35.95    4.25   52.47  1.94  -0.31   0.0188   N    0.00    0.00    0.00    0.00    0.00    0.00 0 0 0 0 0   -1   -1   -1
123   878   C.2   35.94    4.73   51.04  1.90  -0.03   0.5973   N    0.00    0.00    0.00    0.00    0.00    0.00 0 0 0 0 0   -1   -1   -1
124   879   O.2   35.45    5.79   50.69  1.66  -0.40  -0.5679   P   35.05    6.66   50.40    0.90    0.44    0.07 2 0 2 0 2   -1   -1   -1
125   880   C.3   35.05    3.06   52.58  1.94  -0.01  -0.0462   N    0.00    0.00    0.00    0.00    0.00    0.00 0 0 0 0 0   -1   -1   -1
126   881  C.ar   33.70    3.20   52.07  1.90  -0.03  -0.0266   N    0.00    0.00    0.00    0.00    0.00    0.00 0 0 0 0 0   -1   -1   -1
127   894  N.am   36.39    3.96   50.03  1.83  -0.10  -0.3479   P   36.92    3.15   50.27    0.00    0.00    0.00 0 1 0 1 1   -1   -1   -1
128   895   C.3   36.16    4.23   48.62  1.94  -0.31  -0.2400   N    0.00    0.00    0.00    0.00    0.00    0.00 0 0 0 0 0   -1   -1   -1
129   896   C.2   35.14    3.16   48.10  1.90  -0.03   0.7341   N    0.00    0.00    0.00    0.00    0.00    0.00 0 0 0 0 0   -1   -1   -1
130   897   O.2   35.32    1.95   48.30  1.66  -0.40  -0.5894   P   35.47    0.97   48.46   -0.58    0.05    0.82 2 0 2 0 2   -1   -1   -1
131   898   C.3   37.48    4.12   47.86  1.94   0.36  -0.0094   N    0.00    0.00    0.00    0.00    0.00    0.00 0 0 0 0 0   -1   -1   -1
132   899   C.3   38.56    5.12   48.36  1.94   0.36   0.0187   N    0.00    0.00    0.00    0.00    0.00    0.00 0 0 0 0 0   -1   -1   -1
133   900   C.3   39.98    4.97   47.83  1.94   0.36  -0.0479   N    0.00    0.00    0.00    0.00    0.00    0.00 0 0 0 0 0   -1   -1   -1
134   901   C.3   40.90    6.21   47.94  1.94  -0.14  -0.0143   N    0.00    0.00    0.00    0.00    0.00    0.00 0 0 0 0 0   -1   -1   -1
135   902   N.4   42.36    5.95   47.88  1.86  -2.00  -0.3854   P   43.34    5.77   47.84   -0.17   -0.97    0.17 0 3 0 3 3   -1   -1   -1
136   916  N.am   34.13    3.60   47.36  1.83  -0.10  -0.4157   P   34.05    4.57   47.13    0.00    0.00    0.00 0 1 0 1 1   -1   -1   -1
137  1792   C.2   34.10    6.67   45.16  1.90  -0.03   0.5973   N    0.00    0.00    0.00    0.00    0.00    0.00 0 0 0 0 0   -1   -1   -1
138  1793   O.2   33.55    6.16   46.11  1.66  -0.40  -0.5679   P   33.10    5.74   46.89    0.73   -0.68    0.06 2 0 1 0 2   -1   -1   -1
139  1807  N.am   35.01    7.67   45.33  1.83  -0.10  -0.4157   P   35.36    8.12   44.51    0.00    0.00    0.00 0 1 0 1 1   -1   -1   -1
140  1808   C.3   35.52    8.13   46.63  1.94  -0.31  -0.0249   N    0.00    0.00    0.00    0.00    0.00    0.00 0 0 0 0 0   -1   -1   -1
141  1809   C.2   34.51    9.11   47.20  1.90  -0.03   0.5973   N    0.00    0.00    0.00    0.00    0.00    0.00 0 0 0 0 0   -1   -1   -1
142  1810   O.2   34.30    9.22   48.45  1.66  -0.40  -0.5679   P   34.13    9.31   49.43    0.67    0.74    0.05 2 0 1 0 2   -1   -1   -1
143  1811   C.3   36.88    8.77   46.50  1.94  -0.14   0.2117   N    0.00    0.00    0.00    0.00    0.00    0.00 0 0 0 0 0   -1   -1   -1
144  1812   O.3   37.80    7.80   46.12  1.74  -0.47  -0.6546   P   38.46    7.10   45.85   -0.51   -0.69    0.51 2 1 2 0 3   -1   -1   -1
145  1818  N.am   33.77    9.83   46.32  1.83  -0.10  -0.4157   P   33.98    9.73   45.35    0.00    0.00    0.00 0 1 0 1 1   -1   -1   -1
146  1840   C.3   31.98    6.41   49.83  1.94  -0.30  -0.0252   N    0.00    0.00    0.00    0.00    0.00    0.00 0 0 0 0 0   -1   -1   -1
147  1841   C.2   31.70    7.35   50.99  1.90  -0.03   0.5973   N    0.00    0.00    0.00    0.00    0.00    0.00 0 0 0 0 0   -1   -1   -1
148  1846  N.am   32.19    8.62   50.89  1.83  -0.10  -0.4157   P   32.68    8.90   50.06    0.00    0.00    0.00 0 1 0 0 1   -1   -1   -1
<End>
