#
# This file is create by LigBuilder/Cavity.
# It stores the parameters for the pocket atoms.
# Creation time: Tue Apr  7 19:56:31 2026
#
# 1st column: ID of the atom
# 2nd column: ID of the atom in the original PDB file
# 3rd column: atom type
# 4th column: X coordinate
# 5th column: Y coordinate
# 6th column: Z coordinate
# 7th column: vdw radius
# 8th column: atomic hydrophobic scale
# 9th column: H-bond character
# 10th column: H-bond root X coordinate
# 11th column: H-bond root Y coordinate
# 12th column: H-bond root Z coordinate
#
<Start>
<Atom_number> 106
  1  1312  N.am   40.19    6.18   24.19  1.83  -0.10  -0.4157   P   40.96    6.82   24.29    0.00    0.00    0.00 0 1 0 1 1   -1   -1   -1
  2  1313   C.3   38.82    6.75   24.19  1.94  -0.31  -0.0014   N    0.00    0.00    0.00    0.00    0.00    0.00 0 0 0 0 0   -1   -1   -1
  3  1314   C.2   38.06    6.30   22.88  1.90  -0.03   0.5973   N    0.00    0.00    0.00    0.00    0.00    0.00 0 0 0 0 0   -1   -1   -1
  4  1315   O.2   36.88    5.99   22.88  1.66  -0.40  -0.5679   P   35.91    5.74   22.88   -0.24    0.90   -0.36 2 0 2 0 2   -1   -1   -1
  5  1316   C.3   38.93    8.28   24.21  1.94  -0.01  -0.0152   N    0.00    0.00    0.00    0.00    0.00    0.00 0 0 0 0 0   -1   -1   -1
  6  1317  C.ar   37.58    8.94   24.05  1.85   0.30  -0.0011   N    0.00    0.00    0.00    0.00    0.00    0.00 0 0 0 0 0   -1   -1   -1
  7  1318  C.ar   37.42    9.79   22.95  1.85   0.34  -0.1906   N    0.00    0.00    0.00    0.00    0.00    0.00 0 0 0 0 0   -1   -1   -1
  8  1319  C.ar   36.68    9.07   25.15  1.85   0.34  -0.1906   N    0.00    0.00    0.00    0.00    0.00    0.00 0 0 0 0 0   -1   -1   -1
  9  1320  C.ar   36.29   10.62   22.82  1.85   0.34  -0.2341   N    0.00    0.00    0.00    0.00    0.00    0.00 0 0 0 0 0   -1   -1   -1
 10  1321  C.ar   35.56    9.97   25.01  1.85   0.34  -0.2341   N    0.00    0.00    0.00    0.00    0.00    0.00 0 0 0 0 0   -1   -1   -1
 11  1322  C.ar   35.33   10.69   23.84  1.85  -0.15   0.3226   N    0.00    0.00    0.00    0.00    0.00    0.00 0 0 0 0 0   -1   -1   -1
 12  1323   O.3   34.13   11.28   23.65  1.74   0.08  -0.5579   P   33.24   11.72   23.51    0.45    0.77   -0.45 2 1 1 1 3   -1   -1   -1
 13  1333  N.am   38.78    6.05   21.77  1.83  -0.10  -0.3479   P   39.74    6.34   21.79    0.00    0.00    0.00 0 1 0 1 1   -1   -1   -1
 14  1334   C.3   38.33    5.39   20.51  1.94  -0.31  -0.2637   N    0.00    0.00    0.00    0.00    0.00    0.00 0 0 0 0 0   -1   -1   -1
 15  1335   C.2   37.49    4.14   20.71  1.90  -0.03   0.7341   N    0.00    0.00    0.00    0.00    0.00    0.00 0 0 0 0 0   -1   -1   -1
 16  1336   O.2   36.51    4.01   20.02  1.66  -0.40  -0.5894   P   35.70    3.90   19.45    0.56   -0.39   -0.73 2 0 2 0 2   -1   -1   -1
 17  1337   C.3   39.49    5.09   19.62  1.94   0.36  -0.0007   N    0.00    0.00    0.00    0.00    0.00    0.00 0 0 0 0 0   -1   -1   -1
 18  1338   C.3   39.22    4.45   18.27  1.94   0.36   0.0390   N    0.00    0.00    0.00    0.00    0.00    0.00 0 0 0 0 0   -1   -1   -1
 19  1357  N.am   37.87    3.19   21.52  1.83  -0.10  -0.5163   P   38.60    3.40   22.18    0.00    0.00    0.00 0 1 0 0 1   -1   -1   -1
 20  1358   C.3   37.30    1.84   21.53  1.94  -0.31   0.0397   N    0.00    0.00    0.00    0.00    0.00    0.00 0 0 0 0 0   -1   -1   -1
 21  1359   C.2   35.94    1.65   22.21  1.90  -0.03   0.5366   N    0.00    0.00    0.00    0.00    0.00    0.00 0 0 0 0 0   -1   -1   -1
 22  1372  N.am   35.26    2.69   22.58  1.83  -0.10  -0.4157   P   35.58    3.60   22.33    0.00    0.00    0.00 0 1 0 1 1   -1   -1   -1
 23  1373   C.3   34.04    2.55   23.35  1.94  -0.31  -0.0024   N    0.00    0.00    0.00    0.00    0.00    0.00 0 0 0 0 0   -1   -1   -1
 24  1374   C.2   32.84    3.26   22.76  1.90  -0.03   0.5973   N    0.00    0.00    0.00    0.00    0.00    0.00 0 0 0 0 0   -1   -1   -1
 25  1375   O.2   31.83    3.40   23.49  1.66  -0.40  -0.5679   P   31.02    3.51   24.07    0.37    0.87    0.34 2 0 1 0 2   -1   -1   -1
 26  1376   C.3   34.35    3.05   24.71  1.94  -0.01  -0.0343   N    0.00    0.00    0.00    0.00    0.00    0.00 0 0 0 0 0   -1   -1   -1
 27  1392  N.am   32.81    3.75   21.54  1.83  -0.10  -0.4157   P   33.57    3.48   20.95    0.00    0.00    0.00 0 1 0 1 1   -1   -1   -1
 28  1393   C.3   31.82    4.63   20.93  1.94  -0.31  -0.0389   N    0.00    0.00    0.00    0.00    0.00    0.00 0 0 0 0 0   -1   -1   -1
 29  1394   C.2   30.34    4.14   21.15  1.90  -0.03   0.5973   N    0.00    0.00    0.00    0.00    0.00    0.00 0 0 0 0 0   -1   -1   -1
 30  1395   O.2   29.52    5.00   21.39  1.66  -0.40  -0.5679   P   28.84    5.71   21.59   -0.27    0.01   -0.96 2 0 2 0 2   -1   -1   -1
 31  1396   C.3   31.94    4.70   19.41  1.94  -0.20   0.3654   N    0.00    0.00    0.00    0.00    0.00    0.00 0 0 0 0 0   -1   -1   -1
 32  1397   C.3   33.36    5.18   19.05  1.94   0.53  -0.2438   N    0.00    0.00    0.00    0.00    0.00    0.00 0 0 0 0 0   -1   -1   -1
 33  1398   O.3   31.73    3.40   18.88  1.74  -0.47  -0.6761   P   31.58    2.48   18.51   -0.70   -0.17    0.70 2 1 2 1 3   -1   -1   -1
 34  1406  N.am   30.06    2.88   21.22  1.83  -0.10  -0.4157   P   30.80    2.23   21.04    0.00    0.00    0.00 0 1 0 1 1   -1   -1   -1
 35  1407   C.3   28.74    2.33   21.54  1.94  -0.31  -0.0014   N    0.00    0.00    0.00    0.00    0.00    0.00 0 0 0 0 0   -1   -1   -1
 36  1408   C.2   28.37    2.83   22.94  1.90  -0.03   0.5973   N    0.00    0.00    0.00    0.00    0.00    0.00 0 0 0 0 0   -1   -1   -1
 37  1409   O.2   27.34    3.51   23.15  1.66  -0.40  -0.5679   P   26.52    4.05   23.32   -0.53   -0.84    0.10 2 0 1 0 2   -1   -1   -1
 38  1427  N.am   29.22    2.41   23.91  1.83  -0.10  -0.4157   P   30.08    2.00   23.61    0.00    0.00    0.00 0 1 0 0 1   -1   -1   -1
 39  1429   C.2   29.07    4.03   25.87  1.90  -0.03   0.5973   N    0.00    0.00    0.00    0.00    0.00    0.00 0 0 0 0 0   -1   -1   -1
 40  1444  N.am   29.89    4.89   25.22  1.83  -0.10  -0.4157   P   30.49    4.52   24.51    0.00    0.00    0.00 0 1 0 0 1   -1   -1   -1
 41  1445   C.3   29.95    6.31   25.48  1.94  -0.31  -0.0518   N    0.00    0.00    0.00    0.00    0.00    0.00 0 0 0 0 0   -1   -1   -1
 42  1446   C.2   28.60    6.95   25.15  1.90  -0.03   0.5973   N    0.00    0.00    0.00    0.00    0.00    0.00 0 0 0 0 0   -1   -1   -1
 43  1447   O.2   27.91    7.61   26.01  1.66  -0.40  -0.5679   P   27.37    8.12   26.68    0.42    0.85   -0.31 2 0 0 0 2   -1   -1   -1
 44  1448   C.3   30.99    6.98   24.53  1.94   0.36  -0.1102   N    0.00    0.00    0.00    0.00    0.00    0.00 0 0 0 0 0   -1   -1   -1
 45  1449   C.3   32.44    6.83   25.06  1.94   0.13   0.3531   N    0.00    0.00    0.00    0.00    0.00    0.00 0 0 0 0 0   -1   -1   -1
 46  1450   C.3   33.52    7.08   24.08  1.94   0.53  -0.4121   N    0.00    0.00    0.00    0.00    0.00    0.00 0 0 0 0 0   -1   -1   -1
 47  1451   C.3   32.71    7.80   26.13  1.94   0.53  -0.4121   N    0.00    0.00    0.00    0.00    0.00    0.00 0 0 0 0 0   -1   -1   -1
 48  1463  N.am   28.06    6.76   23.90  1.83  -0.10  -0.3479   P   28.66    6.37   23.21    0.00    0.00    0.00 0 1 0 1 1   -1   -1   -1
 49  1464   C.3   26.68    7.08   23.48  1.94  -0.31  -0.2400   N    0.00    0.00    0.00    0.00    0.00    0.00 0 0 0 0 0   -1   -1   -1
 50  1465   C.2   25.71    6.51   24.56  1.90  -0.03   0.7341   N    0.00    0.00    0.00    0.00    0.00    0.00 0 0 0 0 0   -1   -1   -1
 51  1466   O.2   24.99    7.30   25.26  1.66  -0.40  -0.5894   P   24.43    7.92   25.81   -0.65    0.08   -0.76 2 0 2 0 2   -1   -1   -1
 52  1467   C.3   26.49    6.72   22.04  1.94   0.36  -0.0094   N    0.00    0.00    0.00    0.00    0.00    0.00 0 0 0 0 0   -1   -1   -1
 53  1468   C.3   27.16    7.62   20.98  1.94   0.36   0.0187   N    0.00    0.00    0.00    0.00    0.00    0.00 0 0 0 0 0   -1   -1   -1
 54  1469   C.3   26.66    9.03   20.99  1.94   0.36  -0.0479   N    0.00    0.00    0.00    0.00    0.00    0.00 0 0 0 0 0   -1   -1   -1
 55  1470   C.3   26.91    9.74   19.63  1.94  -0.14  -0.0143   N    0.00    0.00    0.00    0.00    0.00    0.00 0 0 0 0 0   -1   -1   -1
 56  1471   N.4   26.40   11.12   19.68  1.86  -2.00  -0.3854   P   26.05   12.06   19.71    0.68    0.28   -0.68 0 3 0 3 3   -1   -1   -1
 57  1485  N.am   25.56    5.16   24.54  1.83  -0.10  -0.3479   P   26.06    4.64   23.85    0.00    0.00    0.00 0 1 0 0 1   -1   -1   -1
 58  1486   C.3   24.69    4.40   25.50  1.94  -0.31  -0.2637   N    0.00    0.00    0.00    0.00    0.00    0.00 0 0 0 0 0   -1   -1   -1
 59  1487   C.2   24.74    5.03   26.88  1.90  -0.03   0.7341   N    0.00    0.00    0.00    0.00    0.00    0.00 0 0 0 0 0   -1   -1   -1
 60  1488   O.2   23.67    5.48   27.34  1.66  -0.40  -0.5894   P   22.81    5.84   27.71   -0.17   -0.87    0.46 2 0 2 0 2   -1   -1   -1
 61  1509  N.am   25.86    5.19   27.58  1.83  -0.10  -0.4157   P   26.74    4.93   27.18    0.00    0.00    0.00 0 1 0 0 1   -1   -1   -1
 62  1511   C.2   25.94    7.27   29.13  1.90  -0.03   0.5973   N    0.00    0.00    0.00    0.00    0.00    0.00 0 0 0 0 0   -1   -1   -1
 63  1512   O.2   25.85    7.84   30.25  1.66  -0.40  -0.5679   P   25.78    8.29   31.14    0.99    0.10    0.03 2 0 1 0 2   -1   -1   -1
 64  1529  N.am   25.90    8.04   28.04  1.83  -0.10  -0.4157   P   26.06    7.58   27.16    0.00    0.00    0.00 0 1 0 0 1   -1   -1   -1
 65  1530   C.3   25.64    9.52   27.99  1.94  -0.31   0.0143   N    0.00    0.00    0.00    0.00    0.00    0.00 0 0 0 0 0   -1   -1   -1
 66  1531   C.2   26.99   10.26   28.39  1.90  -0.03   0.5973   N    0.00    0.00    0.00    0.00    0.00    0.00 0 0 0 0 0   -1   -1   -1
 67  1532   O.2   26.97   11.32   29.03  1.66  -0.40  -0.5679   P   26.95   12.18   29.55   -0.10   -0.52    0.85 2 0 2 0 2   -1   -1   -1
 68  1533   C.3   24.25    9.91   28.60  1.94  -0.01  -0.2041   N    0.00    0.00    0.00    0.00    0.00    0.00 0 0 0 0 0   -1   -1   -1
 69  1534   C.2   23.81   11.29   28.17  1.90  -0.03   0.7130   N    0.00    0.00    0.00    0.00    0.00    0.00 0 0 0 0 0   -1   -1   -1
 70  1535  N.am   23.34   12.06   29.11  1.83  -0.65  -0.9196   P   22.98   12.65   29.83    0.91    0.39    0.13 0 2 0 1 2   -1   -1   -1
 71  1536   O.2   23.85   11.60   26.99  1.66  -0.40  -0.5931   P   23.88   11.85   26.02   -0.91   -0.39   -0.13 2 0 2 0 2   -1   -1   -1
 72  1543  N.am   28.10    9.62   28.13  1.83  -0.10  -0.4157   P   28.03    8.73   27.69    0.00    0.00    0.00 0 1 0 0 1   -1   -1   -1
 73  1544   C.3   29.46   10.12   28.44  1.94  -0.31  -0.0875   N    0.00    0.00    0.00    0.00    0.00    0.00 0 0 0 0 0   -1   -1   -1
 74  1545   C.2   30.21   10.50   27.14  1.90  -0.03   0.5973   N    0.00    0.00    0.00    0.00    0.00    0.00 0 0 0 0 0   -1   -1   -1
 75  1546   O.2   29.86   10.04   26.00  1.66  -0.40  -0.5679   P   29.59    9.68   25.11   -0.72    0.69   -0.06 2 0 2 0 2   -1   -1   -1
 76  1547   C.3   30.22    9.02   29.36  1.94   0.13   0.2985   N    0.00    0.00    0.00    0.00    0.00    0.00 0 0 0 0 0   -1   -1   -1
 77  1548   C.3   31.58    9.53   29.83  1.94   0.53  -0.3192   N    0.00    0.00    0.00    0.00    0.00    0.00 0 0 0 0 0   -1   -1   -1
 78  1559  N.am   31.14   11.48   27.23  1.83  -0.10  -0.4157   P   31.37   11.89   28.11    0.00    0.00    0.00 0 1 0 0 1   -1   -1   -1
 79  1560   C.3   31.80   11.93   26.00  1.94  -0.30  -0.0252   N    0.00    0.00    0.00    0.00    0.00    0.00 0 0 0 0 0   -1   -1   -1
 80  1561   C.2   31.97   13.39   25.72  1.90  -0.03   0.5973   N    0.00    0.00    0.00    0.00    0.00    0.00 0 0 0 0 0   -1   -1   -1
 81  1562   O.2   31.50   14.26   26.42  1.66  -0.40  -0.5679   P   31.11   14.98   27.00    0.83   -0.01    0.56 2 0 0 0 2   -1   -1   -1
 82  1566  N.am   32.72   13.75   24.63  1.83  -0.10  -0.5163   P   33.08   12.99   24.08    0.00    0.00    0.00 0 1 0 0 1   -1   -1   -1
 83  1567   C.3   33.08   15.13   24.14  1.94  -0.31   0.0397   N    0.00    0.00    0.00    0.00    0.00    0.00 0 0 0 0 0   -1   -1   -1
 84  1568   C.2   31.83   16.07   23.97  1.90  -0.03   0.5366   N    0.00    0.00    0.00    0.00    0.00    0.00 0 0 0 0 0   -1   -1   -1
 85  1569   O.2   31.81   17.23   24.41  1.66  -0.40  -0.5819   P   31.79   18.16   24.76    0.25    0.35   -0.90 2 0 2 0 2   -1   -1   -1
 86  1570   C.3   33.93   15.10   22.91  1.94   0.36   0.0560   N    0.00    0.00    0.00    0.00    0.00    0.00 0 0 0 0 0   -1   -1   -1
 87  1571   C.3   35.39   14.83   23.22  1.94  -0.01   0.0136   N    0.00    0.00    0.00    0.00    0.00    0.00 0 0 0 0 0   -1   -1   -1
 88  1572   C.2   35.90   15.71   24.40  1.90  -0.03   0.8054   N    0.00    0.00    0.00    0.00    0.00    0.00 0 0 0 0 0   -1   -1   -1
 89  1573 O.co2   35.64   16.92   24.26  1.66  -0.88  -0.8188   P   35.43   17.89   24.15   -0.94   -0.17    0.28 2 0 2 0 2   -1   -1   -1
 90  1574 O.co2   36.30   15.20   25.44  1.66  -0.88  -0.8188   P   36.63   14.78   26.29    0.94    0.17   -0.28 2 0 2 0 2   -1   -1   -1
 91  1581  N.am   30.75   15.50   23.45  1.83  -0.10  -0.4157   P   30.74   14.51   23.31    0.00    0.00    0.00 0 1 0 1 1   -1   -1   -1
 92  1582   C.3   29.59   16.26   23.08  1.94  -0.31   0.0337   N    0.00    0.00    0.00    0.00    0.00    0.00 0 0 0 0 0   -1   -1   -1
 93  1583   C.2   28.53   16.37   24.22  1.90  -0.03   0.5973   N    0.00    0.00    0.00    0.00    0.00    0.00 0 0 0 0 0   -1   -1   -1
 94  1584   O.2   27.37   16.77   24.02  1.66  -0.40  -0.5679   P   26.44   17.09   23.86   -0.31   -0.95   -0.07 2 0 2 0 2   -1   -1   -1
 95  1585   C.3   29.02   15.61   21.84  1.94   0.53  -0.1825   N    0.00    0.00    0.00    0.00    0.00    0.00 0 0 0 0 0   -1   -1   -1
 96  1591  N.am   28.97   16.13   25.47  1.83  -0.10  -0.4157   P   29.95   16.10   25.66    0.00    0.00    0.00 0 1 0 0 1   -1   -1   -1
 97  1592   C.3   27.99   15.91   26.55  1.94  -0.31  -0.0389   N    0.00    0.00    0.00    0.00    0.00    0.00 0 0 0 0 0   -1   -1   -1
 98  1593   C.2   28.31   16.73   27.75  1.90  -0.03   0.5973   N    0.00    0.00    0.00    0.00    0.00    0.00 0 0 0 0 0   -1   -1   -1
 99  1594   O.2   29.24   17.52   27.71  1.66  -0.40  -0.5679   P   30.00   18.17   27.68   -0.61    0.70   -0.36 2 0 2 0 2   -1   -1   -1
100  1595   C.3   28.13   14.39   26.85  1.94  -0.20   0.3654   N    0.00    0.00    0.00    0.00    0.00    0.00 0 0 0 0 0   -1   -1   -1
101  1596   C.3   28.33   13.28   25.74  1.94   0.53  -0.2438   N    0.00    0.00    0.00    0.00    0.00    0.00 0 0 0 0 0   -1   -1   -1
102  1597   O.3   29.25   14.19   27.70  1.74  -0.47  -0.6761   P   30.04   14.05   28.30   -0.51   -0.69    0.51 2 1 1 0 3   -1   -1   -1
103  1605  N.am   27.53   16.58   28.80  1.83  -0.10  -0.5163   P   26.68   16.06   28.71    0.00    0.00    0.00 0 1 0 1 1   -1   -1   -1
104  1606   C.3   27.87   17.16   30.11  1.94  -0.31   0.0381   N    0.00    0.00    0.00    0.00    0.00    0.00 0 0 0 0 0   -1   -1   -1
105  1611 O.co2   25.80   18.90   28.99  1.66  -0.88  -0.8014   P   26.04   19.44   28.18   -0.18   -0.80   -0.58 2 0 2 0 2   -1   -1   -1
106  2280 O.co2   20.51    9.23   29.20  1.66  -0.88  -0.8188   P   20.34    9.02   28.24   -0.44   -0.86    0.27 2 0 2 0 2   -1   -1   -1
<End>
