#
# This file is create by LigBuilder/Cavity.
# It stores the parameters for the pocket atoms.
# Creation time: Tue Apr  7 19:56:07 2026
#
# 1st column: ID of the atom
# 2nd column: ID of the atom in the original PDB file
# 3rd column: atom type
# 4th column: X coordinate
# 5th column: Y coordinate
# 6th column: Z coordinate
# 7th column: vdw radius
# 8th column: atomic hydrophobic scale
# 9th column: H-bond character
# 10th column: H-bond root X coordinate
# 11th column: H-bond root Y coordinate
# 12th column: H-bond root Z coordinate
#
<Start>
<Atom_number> 106
  1  2614  N.ar   15.03    6.76   60.14  1.87   0.14  -0.3811   P   14.04    6.88   60.13    0.00    0.00    0.00 1 1 1 1 1   -1   -1    0
  2  2615  C.ar   15.89    7.26   61.11  1.90  -0.31   0.2057   N    0.00    0.00    0.00    0.00    0.00    0.00 0 0 0 0 0   -1   -1   -1
  3  2634  N.am   10.79    6.37   57.00  1.83  -0.10  -0.3479   P   11.41    6.38   57.79    0.00    0.00    0.00 0 1 0 1 1   -1   -1   -1
  4  2635   C.3   10.38    7.65   56.41  1.94  -0.31  -0.2637   N    0.00    0.00    0.00    0.00    0.00    0.00 0 0 0 0 0   -1   -1   -1
  5  2636   C.2   11.57    8.64   56.28  1.90  -0.03   0.7341   N    0.00    0.00    0.00    0.00    0.00    0.00 0 0 0 0 0   -1   -1   -1
  6  2637   O.2   11.96    9.25   57.27  1.66  -0.40  -0.5894   P   12.28    9.75   58.08    0.69   -0.71    0.16 2 0 1 0 2   -1   -1   -1
  7  2638   C.3    9.30    8.27   57.26  1.94   0.36  -0.0007   N    0.00    0.00    0.00    0.00    0.00    0.00 0 0 0 0 0   -1   -1   -1
  8  2639   C.3    7.99    7.48   57.12  1.94   0.36   0.0390   N    0.00    0.00    0.00    0.00    0.00    0.00 0 0 0 0 0   -1   -1   -1
  9  2640   C.3    6.88    8.20   57.80  1.94  -0.14   0.0486   N    0.00    0.00    0.00    0.00    0.00    0.00 0 0 0 0 0   -1   -1   -1
 10  2641 N.pl3    5.57    7.40   57.78  1.83  -0.10  -0.5295   P    5.62    6.43   58.00    0.00    0.00    0.00 0 1 0 1 1   -1   -1   -1
 11  3772   O.2    5.30   25.25   54.94  1.66  -0.40  -0.5679   P    4.59   24.64   55.30   -0.67    0.41   -0.62 2 0 1 0 2   -1   -1   -1
 12  3803   C.2    8.45   22.17   56.59  1.90  -0.03   0.5973   N    0.00    0.00    0.00    0.00    0.00    0.00 0 0 0 0 0   -1   -1   -1
 13  3804   O.2    8.43   21.05   57.07  1.66  -0.40  -0.5679   P    8.41   20.13   57.46    0.77    0.24    0.59 2 0 1 0 2   -1   -1   -1
 14  3820  N.am    7.75   23.17   57.09  1.83  -0.10  -0.5163   P    7.81   24.06   56.64    0.00    0.00    0.00 0 1 0 0 1   -1   -1   -1
 15  3821   C.3    6.93   23.04   58.21  1.94  -0.31   0.0381   N    0.00    0.00    0.00    0.00    0.00    0.00 0 0 0 0 0   -1   -1   -1
 16  3822   C.2    5.62   22.33   57.96  1.90  -0.03   0.5366   N    0.00    0.00    0.00    0.00    0.00    0.00 0 0 0 0 0   -1   -1   -1
 17  3823   O.2    5.07   21.78   58.87  1.66  -0.40  -0.5819   P    4.61   21.32   59.63   -0.51    0.84    0.20 2 0 2 0 2   -1   -1   -1
 18  3824   C.3    6.62   24.52   58.87  1.94   0.01  -0.0303   N    0.00    0.00    0.00    0.00    0.00    0.00 0 0 0 0 0   -1   -1   -1
 19  3825   C.2    7.62   25.14   59.76  1.90  -0.03   0.7994   N    0.00    0.00    0.00    0.00    0.00    0.00 0 0 0 0 0   -1   -1   -1
 20  3826 O.co2    7.38   26.32   60.01  1.66  -0.88  -0.8014   P    7.18   27.28   60.21   -0.74   -0.28    0.61 2 0 2 0 2   -1   -1   -1
 21  3827 O.co2    8.42   24.39   60.38  1.66  -0.88  -0.8014   P    9.06   23.79   60.87    0.74    0.28   -0.61 2 0 1 0 2   -1   -1   -1
 22  3832  N.am    5.17   22.36   56.68  1.83  -0.10  -0.3479   P    5.60   23.03   56.07    0.00    0.00    0.00 0 1 0 0 1   -1   -1   -1
 23  3833   C.3    4.13   21.52   56.11  1.94  -0.31  -0.2400   N    0.00    0.00    0.00    0.00    0.00    0.00 0 0 0 0 0   -1   -1   -1
 24  3834   C.2    4.72   20.11   55.98  1.90  -0.03   0.7341   N    0.00    0.00    0.00    0.00    0.00    0.00 0 0 0 0 0   -1   -1   -1
 25  3835   O.2    4.25   19.23   56.71  1.66  -0.40  -0.5894   P    3.87   18.52   57.30   -0.63   -0.27   -0.73 2 0 0 0 2   -1   -1   -1
 26  3836   C.3    3.59   22.16   54.87  1.94   0.36  -0.0094   N    0.00    0.00    0.00    0.00    0.00    0.00 0 0 0 0 0   -1   -1   -1
 27  3856   C.2    6.58   17.84   56.28  1.90  -0.03   0.5973   N    0.00    0.00    0.00    0.00    0.00    0.00 0 0 0 0 0   -1   -1   -1
 28  3857   O.2    5.97   16.81   56.43  1.66  -0.40  -0.5679   P    5.46   15.96   56.55    0.72   -0.50   -0.49 2 0 1 0 2   -1   -1   -1
 29  3865  N.am    7.48   18.24   57.19  1.83  -0.10  -0.4157   P    7.88   19.15   57.04    0.00    0.00    0.00 0 1 0 0 1   -1   -1   -1
 30  3866   C.3    7.95   17.52   58.36  1.94  -0.31  -0.0875   N    0.00    0.00    0.00    0.00    0.00    0.00 0 0 0 0 0   -1   -1   -1
 31  3867   C.2    6.80   17.17   59.34  1.90  -0.03   0.5973   N    0.00    0.00    0.00    0.00    0.00    0.00 0 0 0 0 0   -1   -1   -1
 32  3868   O.2    6.76   16.02   59.81  1.66  -0.40  -0.5679   P    6.73   15.09   60.19    0.58    0.29    0.76 2 0 1 0 2   -1   -1   -1
 33  3869   C.3    9.05   18.36   59.15  1.94   0.13   0.2985   N    0.00    0.00    0.00    0.00    0.00    0.00 0 0 0 0 0   -1   -1   -1
 34  3870   C.3    9.38   17.70   60.49  1.94   0.53  -0.3192   N    0.00    0.00    0.00    0.00    0.00    0.00 0 0 0 0 0   -1   -1   -1
 35  3871   C.3   10.45   18.59   58.43  1.94   0.53  -0.3192   N    0.00    0.00    0.00    0.00    0.00    0.00 0 0 0 0 0   -1   -1   -1
 36  3881  N.am    5.89   18.14   59.67  1.83  -0.10  -0.4157   P    5.94   19.05   59.26    0.00    0.00    0.00 0 1 0 1 1   -1   -1   -1
 37  3882   C.3    4.84   17.80   60.64  1.94  -0.31  -0.0031   N    0.00    0.00    0.00    0.00    0.00    0.00 0 0 0 0 0   -1   -1   -1
 38  3883   C.2    3.95   16.62   60.06  1.90  -0.03   0.5973   N    0.00    0.00    0.00    0.00    0.00    0.00 0 0 0 0 0   -1   -1   -1
 39  3884   O.2    3.70   15.56   60.70  1.66  -0.40  -0.5679   P    3.50   14.72   61.21   -0.88    0.38    0.29 2 0 2 0 2   -1   -1   -1
 40  3885   C.3    4.08   19.03   61.13  1.94   0.36  -0.0036   N    0.00    0.00    0.00    0.00    0.00    0.00 0 0 0 0 0   -1   -1   -1
 41  3886   C.3    2.92   18.75   62.06  1.94  -0.01  -0.0645   N    0.00    0.00    0.00    0.00    0.00    0.00 0 0 0 0 0   -1   -1   -1
 42  3887   C.2    2.00   20.01   62.30  1.90  -0.03   0.6951   N    0.00    0.00    0.00    0.00    0.00    0.00 0 0 0 0 0   -1   -1   -1
 43  3888  N.am    1.15   19.99   63.34  1.83  -0.65  -0.9407   P    0.52   19.98   64.11    0.69    0.45    0.57 0 2 0 2 2   -1   -1   -1
 44  3889   O.2    2.04   20.95   61.50  1.66  -0.40  -0.6086   P    2.07   21.71   60.85   -0.69   -0.45   -0.57 2 0 2 0 2   -1   -1   -1
 45  3898  N.am    3.60   16.80   58.77  1.83  -0.10  -0.4157   P    3.93   17.62   58.31    0.00    0.00    0.00 0 1 0 0 1   -1   -1   -1
 46  3899   C.3    2.76   15.85   57.99  1.94  -0.31  -0.0389   N    0.00    0.00    0.00    0.00    0.00    0.00 0 0 0 0 0   -1   -1   -1
 47  3900   C.2    3.39   14.45   57.88  1.90  -0.03   0.5973   N    0.00    0.00    0.00    0.00    0.00    0.00 0 0 0 0 0   -1   -1   -1
 48  3901   O.2    2.77   13.48   58.28  1.66  -0.40  -0.5679   P    2.26   12.68   58.61   -0.40   -0.12   -0.91 2 0 1 0 2   -1   -1   -1
 49  3912  N.am    4.60   14.34   57.36  1.83  -0.10  -0.4157   P    5.10   15.19   57.18    0.00    0.00    0.00 0 1 0 0 1   -1   -1   -1
 50  3913   C.3    5.26   13.08   57.03  1.94  -0.31  -0.0014   N    0.00    0.00    0.00    0.00    0.00    0.00 0 0 0 0 0   -1   -1   -1
 51  3914   C.2    6.09   12.46   58.10  1.90  -0.03   0.5973   N    0.00    0.00    0.00    0.00    0.00    0.00 0 0 0 0 0   -1   -1   -1
 52  3915   O.2    6.28   11.27   58.03  1.66  -0.40  -0.5679   P    6.44   10.28   57.97    0.82    0.16   -0.55 2 0 1 0 2   -1   -1   -1
 53  3933  N.am    6.62   13.22   59.12  1.83  -0.10  -0.3479   P    6.46   14.21   59.08    0.00    0.00    0.00 0 1 0 0 1   -1   -1   -1
 54  3934   C.3    7.39   12.73   60.25  1.94  -0.31  -0.2637   N    0.00    0.00    0.00    0.00    0.00    0.00 0 0 0 0 0   -1   -1   -1
 55  3935   C.2    8.56   11.91   59.70  1.90  -0.03   0.7341   N    0.00    0.00    0.00    0.00    0.00    0.00 0 0 0 0 0   -1   -1   -1
 56  3936   O.2    8.61   10.66   59.89  1.66  -0.40  -0.5894   P    8.65    9.67   60.04   -0.55   -0.15   -0.82 2 0 2 0 2   -1   -1   -1
 57  3937   C.3    6.41   11.94   61.18  1.94   0.36  -0.0007   N    0.00    0.00    0.00    0.00    0.00    0.00 0 0 0 0 0   -1   -1   -1
 58  3938   C.3    5.31   12.78   61.80  1.94   0.36   0.0390   N    0.00    0.00    0.00    0.00    0.00    0.00 0 0 0 0 0   -1   -1   -1
 59  3939   C.3    3.87   12.61   61.31  1.94  -0.14   0.0486   N    0.00    0.00    0.00    0.00    0.00    0.00 0 0 0 0 0   -1   -1   -1
 60  3940 N.pl3    3.47   11.20   61.37  1.83  -0.10  -0.5295   P    3.84   10.67   62.14    0.00    0.00    0.00 0 1 0 1 1   -1   -1   -1
 61  3941 C.cat    2.70   10.55   60.55  1.90   0.00   0.8076   N    0.00    0.00    0.00    0.00    0.00    0.00 0 0 0 0 0   -1   -1   -1
 62  3957  N.am    9.46   12.60   58.98  1.83   0.08  -0.2548   N    0.00    0.00    0.00    0.00    0.00    0.00 0 0 0 0 0   -1   -1   -1
 63  3958   C.3   10.65   11.88   58.58  1.94  -0.31  -0.0266   N    0.00    0.00    0.00    0.00    0.00    0.00 0 0 0 0 0   -1   -1   -1
 64  3959   C.2   11.52   11.46   59.77  1.90  -0.03   0.5896   N    0.00    0.00    0.00    0.00    0.00    0.00 0 0 0 0 0   -1   -1   -1
 65  3960   O.2   11.90   12.35   60.57  1.66  -0.40  -0.5748   P   12.20   13.06   61.21   -0.74   -0.24    0.62 2 0 2 0 2   -1   -1   -1
 66  3961   C.3   11.45   12.87   57.75  1.94   0.36  -0.0070   N    0.00    0.00    0.00    0.00    0.00    0.00 0 0 0 0 0   -1   -1   -1
 67  3962   C.3   11.02   14.20   58.23  1.94   0.36   0.0189   N    0.00    0.00    0.00    0.00    0.00    0.00 0 0 0 0 0   -1   -1   -1
 68  3963   C.3    9.55   14.04   58.56  1.94  -0.14   0.0192   N    0.00    0.00    0.00    0.00    0.00    0.00 0 0 0 0 0   -1   -1   -1
 69  3971  N.am   11.96   10.24   59.82  1.83  -0.10  -0.4157   P   11.64    9.58   59.14    0.00    0.00    0.00 0 1 0 0 1   -1   -1   -1
 70  3972   C.3   12.92    9.81   60.85  1.94  -0.30  -0.0252   N    0.00    0.00    0.00    0.00    0.00    0.00 0 0 0 0 0   -1   -1   -1
 71  3973   C.2   14.36   10.36   60.77  1.90  -0.03   0.5973   N    0.00    0.00    0.00    0.00    0.00    0.00 0 0 0 0 0   -1   -1   -1
 72  3974   O.2   15.04   10.17   61.74  1.66  -0.40  -0.5679   P   15.61   10.01   62.55    0.27   -0.89   -0.37 2 0 2 0 2   -1   -1   -1
 73  3978  N.am   14.81   10.95   59.67  1.83  -0.10  -0.4157   P   14.13   11.07   58.94    0.00    0.00    0.00 0 1 0 1 1   -1   -1   -1
 74  3979   C.3   16.16   11.46   59.36  1.94  -0.31   0.0337   N    0.00    0.00    0.00    0.00    0.00    0.00 0 0 0 0 0   -1   -1   -1
 75  3995   C.3   14.83   16.73   58.99  1.94   0.53  -0.0660   N    0.00    0.00    0.00    0.00    0.00    0.00 0 0 0 0 0   -1   -1   -1
 76  4506   C.3   16.17   23.06   64.26  1.94  -0.31  -0.0249   N    0.00    0.00    0.00    0.00    0.00    0.00 0 0 0 0 0   -1   -1   -1
 77  4507   C.2   14.90   22.35   64.60  1.90  -0.03   0.5973   N    0.00    0.00    0.00    0.00    0.00    0.00 0 0 0 0 0   -1   -1   -1
 78  4508   O.2   14.33   22.65   65.65  1.66  -0.40  -0.5679   P   13.87   22.89   66.50   -0.69    0.51   -0.52 2 0 2 0 2   -1   -1   -1
 79  4516  N.am   14.56   21.24   63.96  1.83  -0.10  -0.4157   P   15.03   21.05   63.10    0.00    0.00    0.00 0 1 0 1 1   -1   -1   -1
 80  4517   C.3   13.56   20.27   64.41  1.94  -0.31  -0.0014   N    0.00    0.00    0.00    0.00    0.00    0.00 0 0 0 0 0   -1   -1   -1
 81  4518   C.2   14.32   19.24   65.25  1.90  -0.03   0.5973   N    0.00    0.00    0.00    0.00    0.00    0.00 0 0 0 0 0   -1   -1   -1
 82  4519   O.2   13.70   18.28   65.75  1.66  -0.40  -0.5679   P   13.20   17.51   66.15    0.11   -0.51   -0.85 2 0 2 0 2   -1   -1   -1
 83  4520   C.3   12.93   19.49   63.18  1.94  -0.01  -0.0152   N    0.00    0.00    0.00    0.00    0.00    0.00 0 0 0 0 0   -1   -1   -1
 84  4521  C.ar   12.16   20.29   62.15  1.85   0.30  -0.0011   N    0.00    0.00    0.00    0.00    0.00    0.00 0 0 0 0 0   -1   -1   -1
 85  4522  C.ar   12.92   20.86   61.06  1.85   0.34  -0.1906   N    0.00    0.00    0.00    0.00    0.00    0.00 0 0 0 0 0   -1   -1   -1
 86  4523  C.ar   10.76   20.64   62.35  1.85   0.34  -0.1906   N    0.00    0.00    0.00    0.00    0.00    0.00 0 0 0 0 0   -1   -1   -1
 87  4524  C.ar   12.31   21.71   60.25  1.85   0.34  -0.2341   N    0.00    0.00    0.00    0.00    0.00    0.00 0 0 0 0 0   -1   -1   -1
 88  4525  C.ar   10.17   21.48   61.39  1.85   0.34  -0.2341   N    0.00    0.00    0.00    0.00    0.00    0.00 0 0 0 0 0   -1   -1   -1
 89  4526  C.ar   10.97   22.00   60.40  1.85  -0.15   0.3226   N    0.00    0.00    0.00    0.00    0.00    0.00 0 0 0 0 0   -1   -1   -1
 90  4527   O.3   10.39   22.90   59.52  1.74   0.08  -0.5579   P    9.97   23.55   58.89    0.69   -0.23   -0.69 2 1 2 0 3   -1   -1   -1
 91  4537  N.am   15.69   19.26   65.41  1.83  -0.10  -0.4157   P   16.20   20.02   65.02    0.00    0.00    0.00 0 1 0 0 1   -1   -1   -1
 92  4538   C.3   16.42   18.23   66.12  1.94  -0.31   0.0143   N    0.00    0.00    0.00    0.00    0.00    0.00 0 0 0 0 0   -1   -1   -1
 93  4539   C.2   15.95   16.82   65.76  1.90  -0.03   0.5973   N    0.00    0.00    0.00    0.00    0.00    0.00 0 0 0 0 0   -1   -1   -1
 94  4540   O.2   16.14   15.89   66.58  1.66  -0.40  -0.5679   P   16.29   15.15   67.23   -0.99   -0.08    0.14 2 0 2 0 2   -1   -1   -1
 95  4541   C.3   16.40   18.53   67.62  1.94  -0.01  -0.2041   N    0.00    0.00    0.00    0.00    0.00    0.00 0 0 0 0 0   -1   -1   -1
 96  4542   C.2   16.73   19.98   68.05  1.90  -0.03   0.7130   N    0.00    0.00    0.00    0.00    0.00    0.00 0 0 0 0 0   -1   -1   -1
 97  4543  N.am   16.02   20.65   68.90  1.83  -0.65  -0.9196   P   15.47   21.17   69.56    0.58   -0.32    0.74 0 2 0 2 2   -1   -1   -1
 98  4544   O.2   17.66   20.58   67.58  1.66  -0.40  -0.5931   P   18.43   21.08   67.19   -0.58    0.32   -0.74 2 0 2 0 2   -1   -1   -1
 99  4551  N.am   15.78   16.57   64.42  1.83  -0.10  -0.4157   P   15.60   17.39   63.88    0.00    0.00    0.00 0 1 0 1 1   -1   -1   -1
100  4552   C.3   15.81   15.31   63.61  1.94  -0.31  -0.0597   N    0.00    0.00    0.00    0.00    0.00    0.00 0 0 0 0 0   -1   -1   -1
101  4553   C.2   17.14   15.04   62.89  1.90  -0.03   0.5973   N    0.00    0.00    0.00    0.00    0.00    0.00 0 0 0 0 0   -1   -1   -1
102  4555   C.3   14.69   15.39   62.62  1.94   0.13   0.1303   N    0.00    0.00    0.00    0.00    0.00    0.00 0 0 0 0 0   -1   -1   -1
103  4556   C.3   13.37   15.39   63.33  1.94   0.36  -0.0430   N    0.00    0.00    0.00    0.00    0.00    0.00 0 0 0 0 0   -1   -1   -1
104  4557   C.3   14.76   14.37   61.54  1.94   0.53  -0.3204   N    0.00    0.00    0.00    0.00    0.00    0.00 0 0 0 0 0   -1   -1   -1
105  4558   C.3   12.98   14.10   64.12  1.94   0.53  -0.0660   N    0.00    0.00    0.00    0.00    0.00    0.00 0 0 0 0 0   -1   -1   -1
106  4576   C.3   17.34   12.74   63.72  1.94  -0.14   0.0192   N    0.00    0.00    0.00    0.00    0.00    0.00 0 0 0 0 0   -1   -1   -1
<End>
