#
# This file is create by LigBuilder/Cavity.
# It stores the parameters for the pocket atoms.
# Creation time: Tue Apr  7 19:56:16 2026
#
# 1st column: ID of the atom
# 2nd column: ID of the atom in the original PDB file
# 3rd column: atom type
# 4th column: X coordinate
# 5th column: Y coordinate
# 6th column: Z coordinate
# 7th column: vdw radius
# 8th column: atomic hydrophobic scale
# 9th column: H-bond character
# 10th column: H-bond root X coordinate
# 11th column: H-bond root Y coordinate
# 12th column: H-bond root Z coordinate
#
<Start>
<Atom_number> 118
  1   876  N.am   35.61    5.36   53.42  1.83  -0.10  -0.4157   P   34.73    5.31   53.90    0.00    0.00    0.00 0 1 0 0 1   -1   -1   -1
  2   880   C.3   35.05    3.06   52.58  1.94  -0.01  -0.0462   N    0.00    0.00    0.00    0.00    0.00    0.00 0 0 0 0 0   -1   -1   -1
  3   881  C.ar   33.70    3.20   52.07  1.90  -0.03  -0.0266   N    0.00    0.00    0.00    0.00    0.00    0.00 0 0 0 0 0   -1   -1   -1
  4   882  C.ar   33.01    2.22   51.33  1.90  -0.31   0.1292   N    0.00    0.00    0.00    0.00    0.00    0.00 0 0 0 0 0   -1   -1   -1
  5   883  N.ar   32.77    4.21   52.26  1.87   0.14  -0.3811   P   32.96    5.13   52.59    0.00    0.00    0.00 1 1 1 1 1    6   -1    4
  6   884  C.ar   31.52    3.71   51.91  1.90  -0.31   0.2057   N    0.00    0.00    0.00    0.00    0.00    0.00 0 0 0 0 0   -1   -1   -1
  7   885  N.ar   31.69    2.52   51.36  1.87   0.14  -0.5727   P   30.96    1.93   51.02    0.00    0.00    0.00 1 1 0 0 1    4   -1    6
  8   921   O.3   30.78    2.40   46.55  1.74  -0.47  -0.6546   P   30.06    1.71   46.54   -0.57    0.59    0.57 2 1 1 0 3   -1   -1   -1
  9   930   O.2   30.67   -0.73   44.34  1.66  -0.40  -0.5819   P   29.77   -0.31   44.49    0.19    0.68   -0.71 2 0 1 0 2   -1   -1   -1
 10   932   C.2   33.19   -2.30   46.85  1.90  -0.03   0.7994   N    0.00    0.00    0.00    0.00    0.00    0.00 0 0 0 0 0   -1   -1   -1
 11   933 O.co2   32.08   -1.85   47.25  1.66  -0.88  -0.8014   P   31.20   -1.49   47.57   -0.47   -0.74   -0.47 2 0 2 0 2   -1   -1   -1
 12   934 O.co2   33.80   -3.15   47.58  1.66  -0.88  -0.8014   P   34.28   -3.82   48.15    0.47    0.74    0.47 2 0 2 0 2   -1   -1   -1
 13   941   C.2   29.66   -3.19   43.16  1.90  -0.03   0.5973   N    0.00    0.00    0.00    0.00    0.00    0.00 0 0 0 0 0   -1   -1   -1
 14   942   O.2   28.53   -2.69   42.94  1.66  -0.40  -0.5679   P   27.63   -2.29   42.76   -0.21   -0.76   -0.62 2 0 1 0 2   -1   -1   -1
 15   955  N.am   29.94   -4.07   44.14  1.83  -0.10  -0.4157   P   30.88   -4.38   44.28    0.00    0.00    0.00 0 1 0 1 1   -1   -1   -1
 16   956   C.3   28.85   -4.57   45.00  1.94  -0.31   0.0143   N    0.00    0.00    0.00    0.00    0.00    0.00 0 0 0 0 0   -1   -1   -1
 17   957   C.2   28.15   -3.54   45.87  1.90  -0.03   0.5973   N    0.00    0.00    0.00    0.00    0.00    0.00 0 0 0 0 0   -1   -1   -1
 18   958   O.2   27.11   -3.88   46.40  1.66  -0.40  -0.5679   P   26.25   -4.16   46.84    0.51   -0.28    0.82 2 0 2 0 2   -1   -1   -1
 19   959   C.3   29.42   -5.75   45.79  1.94  -0.01  -0.2041   N    0.00    0.00    0.00    0.00    0.00    0.00 0 0 0 0 0   -1   -1   -1
 20   960   C.2   29.90   -6.90   44.93  1.90  -0.03   0.7130   N    0.00    0.00    0.00    0.00    0.00    0.00 0 0 0 0 0   -1   -1   -1
 21   969  N.am   28.58   -2.32   46.02  1.83  -0.10  -0.5163   P   29.47   -2.09   45.63    0.00    0.00    0.00 0 1 0 1 1   -1   -1   -1
 22   970   C.3   27.85   -1.27   46.72  1.94  -0.31   0.0397   N    0.00    0.00    0.00    0.00    0.00    0.00 0 0 0 0 0   -1   -1   -1
 23   971   C.2   27.12   -0.30   45.73  1.90  -0.03   0.5366   N    0.00    0.00    0.00    0.00    0.00    0.00 0 0 0 0 0   -1   -1   -1
 24   972   O.2   25.96    0.07   45.99  1.66  -0.40  -0.5819   P   25.03    0.37   46.20    0.36    0.77    0.53 2 0 2 0 2   -1   -1   -1
 25   973   C.3   28.87   -0.61   47.65  1.94   0.36   0.0560   N    0.00    0.00    0.00    0.00    0.00    0.00 0 0 0 0 0   -1   -1   -1
 26   974   C.3   28.26    0.44   48.60  1.94  -0.01   0.0136   N    0.00    0.00    0.00    0.00    0.00    0.00 0 0 0 0 0   -1   -1   -1
 27   975   C.2   29.24    1.17   49.54  1.90  -0.03   0.8054   N    0.00    0.00    0.00    0.00    0.00    0.00 0 0 0 0 0   -1   -1   -1
 28   976 O.co2   30.29    1.68   49.14  1.66  -0.88  -0.8188   P   31.14    2.09   48.82   -0.46    0.88   -0.08 2 0 1 0 2   -1   -1   -1
 29   977 O.co2   29.02    1.17   50.75  1.66  -0.88  -0.8188   P   28.84    1.17   51.73    0.46   -0.88    0.08 2 0 1 0 2   -1   -1   -1
 30   984  N.am   27.83    0.05   44.74  1.83  -0.10  -0.4157   P   28.77   -0.30   44.71    0.00    0.00    0.00 0 1 0 0 1   -1   -1   -1
 31   985   C.3   27.40    0.93   43.61  1.94  -0.31  -0.0518   N    0.00    0.00    0.00    0.00    0.00    0.00 0 0 0 0 0   -1   -1   -1
 32   986   C.2   26.18    0.33   42.86  1.90  -0.03   0.5973   N    0.00    0.00    0.00    0.00    0.00    0.00 0 0 0 0 0   -1   -1   -1
 33  1017  N.am   23.65   -1.66   44.20  1.83  -0.10  -0.4157   P   24.46   -1.45   44.74    0.00    0.00    0.00 0 1 0 1 1   -1   -1   -1
 34  1018   C.3   22.35   -1.47   44.81  1.94  -0.31  -0.0518   N    0.00    0.00    0.00    0.00    0.00    0.00 0 0 0 0 0   -1   -1   -1
 35  1019   C.2   21.61   -0.20   44.34  1.90  -0.03   0.5973   N    0.00    0.00    0.00    0.00    0.00    0.00 0 0 0 0 0   -1   -1   -1
 36  1020   O.2   20.43    0.00   44.67  1.66  -0.40  -0.5679   P   19.48    0.16   44.94    0.31    0.57    0.76 2 0 2 0 2   -1   -1   -1
 37  1021   C.3   22.51   -1.42   46.34  1.94   0.36  -0.1102   N    0.00    0.00    0.00    0.00    0.00    0.00 0 0 0 0 0   -1   -1   -1
 38  1022   C.3   23.43   -2.53   46.99  1.94   0.13   0.3531   N    0.00    0.00    0.00    0.00    0.00    0.00 0 0 0 0 0   -1   -1   -1
 39  1023   C.3   23.52   -2.39   48.50  1.94   0.53  -0.4121   N    0.00    0.00    0.00    0.00    0.00    0.00 0 0 0 0 0   -1   -1   -1
 40  1024   C.3   22.96   -3.98   46.70  1.94   0.53  -0.4121   N    0.00    0.00    0.00    0.00    0.00    0.00 0 0 0 0 0   -1   -1   -1
 41  1036  N.am   22.27    0.59   43.48  1.83  -0.10  -0.4157   P   23.26    0.53   43.40    0.00    0.00    0.00 0 1 0 1 1   -1   -1   -1
 42  1040   C.3   21.78    3.01   43.20  1.94  -0.01  -0.0343   N    0.00    0.00    0.00    0.00    0.00    0.00 0 0 0 0 0   -1   -1   -1
 43  1842   O.2   31.10    6.93   51.96  1.66  -0.40  -0.5679   P   30.61    6.58   52.76    0.86   -0.30    0.40 2 0 1 0 2   -1   -1   -1
 44  1867  N.am   28.06    7.75   51.57  1.83  -0.10  -0.4157   P   28.75    7.66   50.85    0.00    0.00    0.00 0 1 0 0 1   -1   -1   -1
 45  1868   C.3   27.51    6.57   52.19  1.94  -0.31  -0.0597   N    0.00    0.00    0.00    0.00    0.00    0.00 0 0 0 0 0   -1   -1   -1
 46  1869   C.2   27.82    6.42   53.71  1.90  -0.03   0.5973   N    0.00    0.00    0.00    0.00    0.00    0.00 0 0 0 0 0   -1   -1   -1
 47  1870   O.2   26.93    6.18   54.53  1.66  -0.40  -0.5679   P   26.21    5.99   55.19    0.15   -0.98   -0.12 2 0 1 0 2   -1   -1   -1
 48  1871   C.3   27.88    5.36   51.32  1.94   0.13   0.1303   N    0.00    0.00    0.00    0.00    0.00    0.00 0 0 0 0 0   -1   -1   -1
 49  1872   C.3   27.11    5.27   50.02  1.94   0.36  -0.0430   N    0.00    0.00    0.00    0.00    0.00    0.00 0 0 0 0 0   -1   -1   -1
 50  1873   C.3   27.71    4.02   52.06  1.94   0.53  -0.3204   N    0.00    0.00    0.00    0.00    0.00    0.00 0 0 0 0 0   -1   -1   -1
 51  1874   C.3   27.66    4.22   48.98  1.94   0.53  -0.0660   N    0.00    0.00    0.00    0.00    0.00    0.00 0 0 0 0 0   -1   -1   -1
 52  1886  N.am   29.11    6.58   54.05  1.83  -0.10  -0.5163   P   29.77    6.80   53.33    0.00    0.00    0.00 0 1 0 0 1   -1   -1   -1
 53  1887   C.3   29.60    6.44   55.44  1.94  -0.31   0.0381   N    0.00    0.00    0.00    0.00    0.00    0.00 0 0 0 0 0   -1   -1   -1
 54  1888   C.2   28.93    7.39   56.34  1.90  -0.03   0.5366   N    0.00    0.00    0.00    0.00    0.00    0.00 0 0 0 0 0   -1   -1   -1
 55  1889   O.2   28.56    7.14   57.49  1.66  -0.40  -0.5819   P   28.26    6.94   58.42    0.88    0.33    0.35 2 0 1 0 2   -1   -1   -1
 56  1890   C.3   31.16    6.68   55.53  1.94   0.01  -0.0303   N    0.00    0.00    0.00    0.00    0.00    0.00 0 0 0 0 0   -1   -1   -1
 57  1891   C.2   31.97    5.47   55.18  1.90  -0.03   0.7994   N    0.00    0.00    0.00    0.00    0.00    0.00 0 0 0 0 0   -1   -1   -1
 58  1892 O.co2   31.66    4.33   55.61  1.66  -0.88  -0.8014   P   31.41    3.42   55.95   -0.53   -0.17   -0.83 2 0 2 0 2   -1   -1   -1
 59  1893 O.co2   32.99    5.68   54.49  1.66  -0.88  -0.8014   P   33.81    5.85   53.94    0.53    0.17    0.83 2 0 1 0 2   -1   -1   -1
 60  1898  N.am   28.64    8.63   55.91  1.83  -0.10  -0.4157   P   29.04    8.91   55.03    0.00    0.00    0.00 0 1 0 0 1   -1   -1   -1
 61  1907   C.2   24.45    6.69   56.85  1.90  -0.03   0.5973   N    0.00    0.00    0.00    0.00    0.00    0.00 0 0 0 0 0   -1   -1   -1
 62  1915  N.am   25.47    5.91   56.81  1.83  -0.10  -0.4157   P   26.12    6.09   56.07    0.00    0.00    0.00 0 1 0 0 1   -1   -1   -1
 63  1916   C.3   25.83    4.78   57.71  1.94  -0.31  -0.0249   N    0.00    0.00    0.00    0.00    0.00    0.00 0 0 0 0 0   -1   -1   -1
 64  1917   C.2   26.01    5.16   59.15  1.90  -0.03   0.5973   N    0.00    0.00    0.00    0.00    0.00    0.00 0 0 0 0 0   -1   -1   -1
 65  1918   O.2   25.26    4.70   60.04  1.66  -0.40  -0.5679   P   24.66    4.33   60.75    0.69   -0.69    0.23 2 0 1 0 2   -1   -1   -1
 66  1919   C.3   27.04    3.98   57.16  1.94  -0.14   0.2117   N    0.00    0.00    0.00    0.00    0.00    0.00 0 0 0 0 0   -1   -1   -1
 67  1920   O.3   27.41    2.93   58.00  1.74  -0.47  -0.6546   P   27.68    2.18   58.60   -0.67    0.30    0.67 2 1 2 0 3   -1   -1   -1
 68  1926  N.am   26.90    6.14   59.42  1.83  -0.10  -0.3479   P   27.52    6.40   58.68    0.00    0.00    0.00 0 1 0 0 1   -1   -1   -1
 69  1932   C.3   30.24    6.65   60.36  1.94   0.36  -0.0479   N    0.00    0.00    0.00    0.00    0.00    0.00 0 0 0 0 0   -1   -1   -1
 70  1933   C.3   31.52    6.11   61.02  1.94  -0.14  -0.0143   N    0.00    0.00    0.00    0.00    0.00    0.00 0 0 0 0 0   -1   -1   -1
 71  1934   N.4   32.48    5.38   60.17  1.86  -2.00  -0.3854   P   33.13    4.89   59.59   -0.35   -0.87    0.35 0 3 0 3 3   -1   -1   -1
 72  1972   C.2   21.48    2.42   59.21  1.90  -0.03   0.7130   N    0.00    0.00    0.00    0.00    0.00    0.00 0 0 0 0 0   -1   -1   -1
 73  1973  N.am   20.94    1.96   58.08  1.83  -0.65  -0.9196   P   20.54    1.62   57.23    0.86   -0.46   -0.22 0 2 0 1 2   -1   -1   -1
 74  1986  C.ar   25.34    1.64   61.74  1.90  -0.03  -0.0266   N    0.00    0.00    0.00    0.00    0.00    0.00 0 0 0 0 0   -1   -1   -1
 75  1987  C.ar   24.72    0.47   61.65  1.90  -0.31   0.1292   N    0.00    0.00    0.00    0.00    0.00    0.00 0 0 0 0 0   -1   -1   -1
 76  1988  N.ar   25.74    2.03   60.51  1.87   0.14  -0.3811   P   26.20    2.89   60.29    0.00    0.00    0.00 1 1 0 0 1   77   -1   75
 77  1989  C.ar   25.42    1.06   59.62  1.90  -0.31   0.2057   N    0.00    0.00    0.00    0.00    0.00    0.00 0 0 0 0 0   -1   -1   -1
 78  1990  N.ar   24.69    0.22   60.35  1.87   0.14  -0.5727   P   24.17   -0.53   59.95    0.00    0.00    0.00 1 1 0 1 1   75   -1   77
 79  2433   C.2   20.98    6.90   47.10  1.90  -0.03   0.5973   N    0.00    0.00    0.00    0.00    0.00    0.00 0 0 0 0 0   -1   -1   -1
 80  2434   O.2   20.25    6.22   47.87  1.66  -0.40  -0.5679   P   19.67    5.68   48.48   -0.17   -0.65   -0.74 2 0 1 0 2   -1   -1   -1
 81  2447  N.am   22.27    6.66   47.01  1.83  -0.10  -0.4157   P   22.81    7.23   46.39    0.00    0.00    0.00 0 1 0 0 1   -1   -1   -1
 82  2448   C.3   22.96    5.60   47.77  1.94  -0.31  -0.0518   N    0.00    0.00    0.00    0.00    0.00    0.00 0 0 0 0 0   -1   -1   -1
 83  2449   C.2   23.09    5.92   49.25  1.90  -0.03   0.5973   N    0.00    0.00    0.00    0.00    0.00    0.00 0 0 0 0 0   -1   -1   -1
 84  2450   O.2   23.03    4.95   50.04  1.66  -0.40  -0.5679   P   22.98    4.18   50.67    1.00   -0.07   -0.02 2 0 1 0 2   -1   -1   -1
 85  2451   C.3   24.30    5.13   47.12  1.94   0.36  -0.1102   N    0.00    0.00    0.00    0.00    0.00    0.00 0 0 0 0 0   -1   -1   -1
 86  2452   C.3   24.18    4.18   45.93  1.94   0.13   0.3531   N    0.00    0.00    0.00    0.00    0.00    0.00 0 0 0 0 0   -1   -1   -1
 87  2453   C.3   25.45    4.20   45.05  1.94   0.53  -0.4121   N    0.00    0.00    0.00    0.00    0.00    0.00 0 0 0 0 0   -1   -1   -1
 88  2454   C.3   23.89    2.79   46.38  1.94   0.53  -0.4121   N    0.00    0.00    0.00    0.00    0.00    0.00 0 0 0 0 0   -1   -1   -1
 89  2466  N.am   23.19    7.18   49.63  1.83  -0.10  -0.4157   P   23.34    7.89   48.94    0.00    0.00    0.00 0 1 0 0 1   -1   -1   -1
 90  2467   C.3   23.09    7.58   51.07  1.94  -0.30  -0.0252   N    0.00    0.00    0.00    0.00    0.00    0.00 0 0 0 0 0   -1   -1   -1
 91  2468   C.2   21.67    7.37   51.61  1.90  -0.03   0.5973   N    0.00    0.00    0.00    0.00    0.00    0.00 0 0 0 0 0   -1   -1   -1
 92  2469   O.2   21.47    6.91   52.77  1.66  -0.40  -0.5679   P   21.31    6.55   53.69   -0.06    0.93    0.36 2 0 1 0 2   -1   -1   -1
 93  2473  N.am   20.66    7.63   50.78  1.83  -0.10  -0.4157   P   20.85    8.09   49.91    0.00    0.00    0.00 0 1 0 0 1   -1   -1   -1
 94  2475   C.2   19.09    5.73   51.23  1.90  -0.03   0.5973   N    0.00    0.00    0.00    0.00    0.00    0.00 0 0 0 0 0   -1   -1   -1
 95  2492  N.am   19.58    4.98   50.25  1.83  -0.10  -0.4157   P   19.98    5.39   49.43    0.00    0.00    0.00 0 1 0 0 1   -1   -1   -1
 96  2493   C.3   19.51    3.48   50.41  1.94  -0.31  -0.0518   N    0.00    0.00    0.00    0.00    0.00    0.00 0 0 0 0 0   -1   -1   -1
 97  2494   C.2   20.16    2.95   51.73  1.90  -0.03   0.5973   N    0.00    0.00    0.00    0.00    0.00    0.00 0 0 0 0 0   -1   -1   -1
 98  2495   O.2   19.53    2.21   52.54  1.66  -0.40  -0.5679   P   19.03    1.63   53.18    0.42   -0.81   -0.41 2 0 2 0 2   -1   -1   -1
 99  2496   C.3   20.17    2.80   49.17  1.94   0.36  -0.1102   N    0.00    0.00    0.00    0.00    0.00    0.00 0 0 0 0 0   -1   -1   -1
100  2497   C.3   19.33    2.67   47.90  1.94   0.13   0.3531   N    0.00    0.00    0.00    0.00    0.00    0.00 0 0 0 0 0   -1   -1   -1
101  2498   C.3   20.26    2.49   46.65  1.94   0.53  -0.4121   N    0.00    0.00    0.00    0.00    0.00    0.00 0 0 0 0 0   -1   -1   -1
102  2499   C.3   18.20    1.59   47.86  1.94   0.53  -0.4121   N    0.00    0.00    0.00    0.00    0.00    0.00 0 0 0 0 0   -1   -1   -1
103  2511  N.am   21.41    3.45   52.04  1.83  -0.10  -0.5163   P   21.89    4.04   51.39    0.00    0.00    0.00 0 1 0 0 1   -1   -1   -1
104  2512   C.3   22.05    3.10   53.35  1.94  -0.31   0.0397   N    0.00    0.00    0.00    0.00    0.00    0.00 0 0 0 0 0   -1   -1   -1
105  2513   C.2   21.09    3.44   54.54  1.90  -0.03   0.5366   N    0.00    0.00    0.00    0.00    0.00    0.00 0 0 0 0 0   -1   -1   -1
106  2514   O.2   21.09    2.76   55.50  1.66  -0.40  -0.5819   P   21.09    2.18   56.32    0.80    0.49    0.35 2 0 1 0 2   -1   -1   -1
107  2515   C.3   23.46    3.69   53.51  1.94   0.36   0.0560   N    0.00    0.00    0.00    0.00    0.00    0.00 0 0 0 0 0   -1   -1   -1
108  2516   C.3   24.25    3.33   54.73  1.94  -0.01   0.0136   N    0.00    0.00    0.00    0.00    0.00    0.00 0 0 0 0 0   -1   -1   -1
109  2517   C.2   24.23    1.88   55.17  1.90  -0.03   0.8054   N    0.00    0.00    0.00    0.00    0.00    0.00 0 0 0 0 0   -1   -1   -1
110  2518 O.co2   24.50    1.64   56.39  1.66  -0.88  -0.8188   P   24.71    1.45   57.35   -0.98   -0.08    0.20 2 0 2 0 2   -1   -1   -1
111  2519 O.co2   24.13    0.98   54.31  1.66  -0.88  -0.8188   P   24.05    0.26   53.62    0.98    0.08   -0.20 2 0 2 0 2   -1   -1   -1
112  2526  N.am   20.37    4.59   54.57  1.83  -0.10  -0.4157   P   20.46    5.25   53.82    0.00    0.00    0.00 0 1 0 0 1   -1   -1   -1
113  2565   C.3   18.55   -0.33   55.57  1.94  -0.31  -0.2400   N    0.00    0.00    0.00    0.00    0.00    0.00 0 0 0 0 0   -1   -1   -1
114  2568   C.3   20.08   -0.49   55.43  1.94   0.36  -0.0094   N    0.00    0.00    0.00    0.00    0.00    0.00 0 0 0 0 0   -1   -1   -1
115  2569   C.3   20.54   -0.90   54.00  1.94   0.36   0.0187   N    0.00    0.00    0.00    0.00    0.00    0.00 0 0 0 0 0   -1   -1   -1
116  2570   C.3   20.15   -2.29   53.51  1.94   0.36  -0.0479   N    0.00    0.00    0.00    0.00    0.00    0.00 0 0 0 0 0   -1   -1   -1
117  2571   C.3   20.87   -2.52   52.10  1.94  -0.14  -0.0143   N    0.00    0.00    0.00    0.00    0.00    0.00 0 0 0 0 0   -1   -1   -1
118  2572   N.4   20.57   -1.52   51.08  1.86  -2.00  -0.3854   P   20.36   -0.83   50.38    0.63   -0.45   -0.63 0 3 0 3 3   -1   -1   -1
<End>
