#
# This file is create by LigBuilder/Cavity.
# It stores the parameters for the pocket atoms.
# Creation time: Tue Apr  7 19:56:34 2026
#
# 1st column: ID of the atom
# 2nd column: ID of the atom in the original PDB file
# 3rd column: atom type
# 4th column: X coordinate
# 5th column: Y coordinate
# 6th column: Z coordinate
# 7th column: vdw radius
# 8th column: atomic hydrophobic scale
# 9th column: H-bond character
# 10th column: H-bond root X coordinate
# 11th column: H-bond root Y coordinate
# 12th column: H-bond root Z coordinate
#
<Start>
<Atom_number> 117
  1  3591   O.2   14.96   37.11   42.03  1.66  -0.40  -0.5679   P   15.03   37.91   42.63   -0.96    0.22   -0.19 2 0 2 0 2   -1   -1   -1
  2  3601   S.3   11.19   33.34   44.46  2.09   0.25  -0.2737   N    0.00    0.00    0.00    0.00    0.00    0.00 0 0 0 0 0   -1   -1   -1
  3  3602   C.3   10.57   32.37   45.85  1.94   0.53  -0.0536   N    0.00    0.00    0.00    0.00    0.00    0.00 0 0 0 0 0   -1   -1   -1
  4  3612  N.am   14.50   36.15   44.95  1.83  -0.10  -0.4157   P   13.60   36.55   44.79    0.00    0.00    0.00 0 1 0 1 1   -1   -1   -1
  5  3613   C.3   15.35   36.72   46.06  1.94  -0.31  -0.0389   N    0.00    0.00    0.00    0.00    0.00    0.00 0 0 0 0 0   -1   -1   -1
  6  3614   C.2   15.27   35.99   47.36  1.90  -0.03   0.5973   N    0.00    0.00    0.00    0.00    0.00    0.00 0 0 0 0 0   -1   -1   -1
  7  3615   O.2   14.20   35.47   47.70  1.66  -0.40  -0.5679   P   13.34   35.05   47.97    0.31   -0.88   -0.38 2 0 1 0 2   -1   -1   -1
  8  3616   C.3   15.16   38.16   46.17  1.94  -0.20   0.3654   N    0.00    0.00    0.00    0.00    0.00    0.00 0 0 0 0 0   -1   -1   -1
  9  3617   C.3   13.72   38.63   46.55  1.94   0.53  -0.2438   N    0.00    0.00    0.00    0.00    0.00    0.00 0 0 0 0 0   -1   -1   -1
 10  3618   O.3   15.83   38.84   47.17  1.74  -0.47  -0.6761   P   16.31   39.33   47.89    0.67    0.32   -0.67 2 1 1 0 3   -1   -1   -1
 11  3628   C.2   15.09   36.23   50.40  1.90  -0.03   0.5366   N    0.00    0.00    0.00    0.00    0.00    0.00 0 0 0 0 0   -1   -1   -1
 12  3629   O.2   14.45   35.50   51.20  1.66  -0.40  -0.5819   P   13.94   34.92   51.84    0.60    0.28    0.74 2 0 1 0 2   -1   -1   -1
 13  3638  N.am   14.73   37.49   50.21  1.83  -0.10  -0.5163   P   15.28   38.01   49.56    0.00    0.00    0.00 0 1 0 0 1   -1   -1   -1
 14  3639   C.3   13.64   38.19   50.84  1.94  -0.31   0.0381   N    0.00    0.00    0.00    0.00    0.00    0.00 0 0 0 0 0   -1   -1   -1
 15  3640   C.2   12.24   37.52   50.50  1.90  -0.03   0.5366   N    0.00    0.00    0.00    0.00    0.00    0.00 0 0 0 0 0   -1   -1   -1
 16  3641   O.2   11.29   37.89   51.20  1.66  -0.40  -0.5819   P   10.52   38.19   51.77   -0.14    0.78   -0.61 2 0 2 0 2   -1   -1   -1
 17  3642   C.3   13.61   39.70   50.39  1.94   0.01  -0.0303   N    0.00    0.00    0.00    0.00    0.00    0.00 0 0 0 0 0   -1   -1   -1
 18  3643   C.2   14.91   40.49   50.47  1.90  -0.03   0.7994   N    0.00    0.00    0.00    0.00    0.00    0.00 0 0 0 0 0   -1   -1   -1
 19  3644 O.co2   14.87   41.67   50.02  1.66  -0.88  -0.8014   P   14.84   42.60   49.66   -0.32    0.33    0.89 2 0 2 0 2   -1   -1   -1
 20  3645 O.co2   15.98   40.03   51.02  1.66  -0.88  -0.8014   P   16.81   39.67   51.45    0.32   -0.33   -0.89 2 0 2 0 2   -1   -1   -1
 21  3650  N.am   12.18   36.67   49.42  1.83  -0.10  -0.4157   P   12.97   36.66   48.81    0.00    0.00    0.00 0 1 0 1 1   -1   -1   -1
 22  3651   C.3   11.06   35.76   49.06  1.94  -0.31   0.0337   N    0.00    0.00    0.00    0.00    0.00    0.00 0 0 0 0 0   -1   -1   -1
 23  3652   C.2   11.33   34.23   49.20  1.90  -0.03   0.5973   N    0.00    0.00    0.00    0.00    0.00    0.00 0 0 0 0 0   -1   -1   -1
 24  3653   O.2   10.49   33.47   49.60  1.66  -0.40  -0.5679   P    9.79   32.84   49.93   -0.31   -0.15   -0.94 2 0 1 0 2   -1   -1   -1
 25  3654   C.3   10.63   36.15   47.62  1.94   0.53  -0.1825   N    0.00    0.00    0.00    0.00    0.00    0.00 0 0 0 0 0   -1   -1   -1
 26  3660  N.am   12.54   33.75   48.87  1.83  -0.10  -0.4157   P   13.20   34.40   48.49    0.00    0.00    0.00 0 1 0 0 1   -1   -1   -1
 27  3661   C.3   12.98   32.38   49.01  1.94  -0.31  -0.0024   N    0.00    0.00    0.00    0.00    0.00    0.00 0 0 0 0 0   -1   -1   -1
 28  3662   C.2   12.93   31.74   50.40  1.90  -0.03   0.5973   N    0.00    0.00    0.00    0.00    0.00    0.00 0 0 0 0 0   -1   -1   -1
 29  3663   O.2   12.36   30.64   50.53  1.66  -0.40  -0.5679   P   11.90   29.76   50.63    0.86   -0.47   -0.21 2 0 1 0 2   -1   -1   -1
 30  3680  N.am   13.53   32.37   51.43  1.83  -0.10  -0.4157   P   13.93   33.28   51.29    0.00    0.00    0.00 0 1 0 0 1   -1   -1   -1
 31  3682   C.2   12.22   31.67   53.25  1.90  -0.03   0.5973   N    0.00    0.00    0.00    0.00    0.00    0.00 0 0 0 0 0   -1   -1   -1
 32  3683   O.2   11.87   30.58   53.71  1.66  -0.40  -0.5679   P   11.59   29.70   54.08    0.23    0.31    0.92 2 0 1 0 2   -1   -1   -1
 33  3696  N.am   11.41   32.74   53.09  1.83  -0.10  -0.5163   P   11.76   33.54   52.60    0.00    0.00    0.00 0 1 0 1 1   -1   -1   -1
 34  3697   C.3   10.06   32.76   53.60  1.94  -0.31   0.0381   N    0.00    0.00    0.00    0.00    0.00    0.00 0 0 0 0 0   -1   -1   -1
 35  3698   C.2    9.15   31.60   52.97  1.90  -0.03   0.5366   N    0.00    0.00    0.00    0.00    0.00    0.00 0 0 0 0 0   -1   -1   -1
 36  3699   O.2    8.29   31.04   53.61  1.66  -0.40  -0.5819   P    7.58   30.58   54.14   -0.66    0.69   -0.29 2 0 2 0 2   -1   -1   -1
 37  3700   C.3    9.48   34.12   53.51  1.94   0.01  -0.0303   N    0.00    0.00    0.00    0.00    0.00    0.00 0 0 0 0 0   -1   -1   -1
 38  3701   C.2    7.92   34.24   53.73  1.90  -0.03   0.7994   N    0.00    0.00    0.00    0.00    0.00    0.00 0 0 0 0 0   -1   -1   -1
 39  3702 O.co2    7.36   33.64   54.65  1.66  -0.88  -0.8014   P    6.91   33.15   55.40    0.38    0.65    0.66 2 0 2 0 2   -1   -1   -1
 40  3703 O.co2    7.30   35.16   53.17  1.66  -0.88  -0.8014   P    6.80   35.90   52.72   -0.38   -0.65   -0.66 2 0 2 0 2   -1   -1   -1
 41  3708  N.am    9.43   31.31   51.62  1.83  -0.10  -0.4157   P   10.03   31.93   51.11    0.00    0.00    0.00 0 1 0 0 1   -1   -1   -1
 42  3709   C.3    8.88   30.13   50.93  1.94  -0.31  -0.0518   N    0.00    0.00    0.00    0.00    0.00    0.00 0 0 0 0 0   -1   -1   -1
 43  3710   C.2    9.33   28.88   51.67  1.90  -0.03   0.5973   N    0.00    0.00    0.00    0.00    0.00    0.00 0 0 0 0 0   -1   -1   -1
 44  3711   O.2    8.54   28.02   52.08  1.66  -0.40  -0.5679   P    7.90   27.33   52.41    0.01   -0.44   -0.90 2 0 1 0 2   -1   -1   -1
 45  3712   C.3    9.22   30.25   49.41  1.94   0.36  -0.1102   N    0.00    0.00    0.00    0.00    0.00    0.00 0 0 0 0 0   -1   -1   -1
 46  3713   C.3    8.75   29.05   48.50  1.94   0.13   0.3531   N    0.00    0.00    0.00    0.00    0.00    0.00 0 0 0 0 0   -1   -1   -1
 47  3714   C.3    7.27   28.81   48.41  1.94   0.53  -0.4121   N    0.00    0.00    0.00    0.00    0.00    0.00 0 0 0 0 0   -1   -1   -1
 48  3715   C.3    9.28   29.12   47.08  1.94   0.53  -0.4121   N    0.00    0.00    0.00    0.00    0.00    0.00 0 0 0 0 0   -1   -1   -1
 49  3727  N.am   10.68   28.72   51.76  1.83  -0.10  -0.4157   P   11.27   29.51   51.63    0.00    0.00    0.00 0 1 0 0 1   -1   -1   -1
 50  3773   C.3    5.59   28.55   54.67  1.94   0.13   0.2985   N    0.00    0.00    0.00    0.00    0.00    0.00 0 0 0 0 0   -1   -1   -1
 51  3774   C.3    4.07   28.23   54.42  1.94   0.53  -0.3192   N    0.00    0.00    0.00    0.00    0.00    0.00 0 0 0 0 0   -1   -1   -1
 52  3775   C.3    5.67   29.69   55.61  1.94   0.53  -0.3192   N    0.00    0.00    0.00    0.00    0.00    0.00 0 0 0 0 0   -1   -1   -1
 53  5501   C.3   14.36   41.95   39.65  1.94  -0.31  -0.0266   N    0.00    0.00    0.00    0.00    0.00    0.00 0 0 0 0 0   -1   -1   -1
 54  5502   C.2   13.82   40.46   39.82  1.90  -0.03   0.5896   N    0.00    0.00    0.00    0.00    0.00    0.00 0 0 0 0 0   -1   -1   -1
 55  5503   O.2   14.14   39.64   38.95  1.66  -0.40  -0.5748   P   14.40   38.98   38.25    0.71   -0.36    0.60 2 0 2 0 2   -1   -1   -1
 56  5504   C.3   13.44   42.78   38.66  1.94   0.36  -0.0070   N    0.00    0.00    0.00    0.00    0.00    0.00 0 0 0 0 0   -1   -1   -1
 57  5514  N.am   12.89   40.14   40.72  1.83  -0.10  -0.4157   P   12.65   40.85   41.38    0.00    0.00    0.00 0 1 0 1 1   -1   -1   -1
 58  5515   C.3   12.19   38.90   40.85  1.94  -0.31   0.0143   N    0.00    0.00    0.00    0.00    0.00    0.00 0 0 0 0 0   -1   -1   -1
 59  5516   C.2   10.82   38.78   40.09  1.90  -0.03   0.5973   N    0.00    0.00    0.00    0.00    0.00    0.00 0 0 0 0 0   -1   -1   -1
 60  5517   O.2   10.11   39.79   40.18  1.66  -0.40  -0.5679   P    9.54   40.61   40.25    0.50    0.42   -0.75 2 0 2 0 2   -1   -1   -1
 61  5518   C.3   11.95   38.75   42.37  1.94  -0.01  -0.2041   N    0.00    0.00    0.00    0.00    0.00    0.00 0 0 0 0 0   -1   -1   -1
 62  5519   C.2   11.30   37.43   42.74  1.90  -0.03   0.7130   N    0.00    0.00    0.00    0.00    0.00    0.00 0 0 0 0 0   -1   -1   -1
 63  5520  N.am   10.91   37.32   43.95  1.83  -0.65  -0.9196   P   10.60   37.23   44.90   -0.93    0.23   -0.28 0 2 0 2 2   -1   -1   -1
 64  5521   O.2   11.29   36.44   41.97  1.66  -0.40  -0.5931   P   11.28   35.65   41.36    0.93   -0.23    0.28 2 0 1 0 2   -1   -1   -1
 65  5528  N.am   10.59   37.71   39.34  1.83  -0.10  -0.4157   P   11.33   37.07   39.16    0.00    0.00    0.00 0 1 0 0 1   -1   -1   -1
 66  5529   C.3    9.27   37.46   38.78  1.94  -0.31  -0.0014   N    0.00    0.00    0.00    0.00    0.00    0.00 0 0 0 0 0   -1   -1   -1
 67  5530   C.2    8.31   36.66   39.66  1.90  -0.03   0.5973   N    0.00    0.00    0.00    0.00    0.00    0.00 0 0 0 0 0   -1   -1   -1
 68  5531   O.2    7.12   36.68   39.36  1.66  -0.40  -0.5679   P    6.15   36.70   39.12    0.12   -0.85   -0.52 2 0 1 0 2   -1   -1   -1
 69  5532   C.3    9.51   36.78   37.38  1.94  -0.01  -0.0152   N    0.00    0.00    0.00    0.00    0.00    0.00 0 0 0 0 0   -1   -1   -1
 70  5549  N.am    8.75   36.06   40.74  1.83  -0.10  -0.4157   P    9.73   36.10   40.96    0.00    0.00    0.00 0 1 0 1 1   -1   -1   -1
 71  5550   C.3    7.85   35.34   41.63  1.94  -0.31   0.0143   N    0.00    0.00    0.00    0.00    0.00    0.00 0 0 0 0 0   -1   -1   -1
 72  5551   C.2    7.18   36.33   42.51  1.90  -0.03   0.5973   N    0.00    0.00    0.00    0.00    0.00    0.00 0 0 0 0 0   -1   -1   -1
 73  5552   O.2    7.67   36.66   43.60  1.66  -0.40  -0.5679   P    8.07   36.93   44.48    0.51    0.73   -0.45 2 0 2 0 2   -1   -1   -1
 74  5553   C.3    8.48   34.20   42.41  1.94  -0.01  -0.2041   N    0.00    0.00    0.00    0.00    0.00    0.00 0 0 0 0 0   -1   -1   -1
 75  5554   C.2    9.40   33.30   41.55  1.90  -0.03   0.7130   N    0.00    0.00    0.00    0.00    0.00    0.00 0 0 0 0 0   -1   -1   -1
 76  5563  N.am    6.02   36.91   42.13  1.83  -0.10  -0.4157   P    5.67   36.62   41.24    0.00    0.00    0.00 0 1 0 1 1   -1   -1   -1
 77  5564   C.3    5.21   37.90   42.83  1.94  -0.31  -0.0249   N    0.00    0.00    0.00    0.00    0.00    0.00 0 0 0 0 0   -1   -1   -1
 78  5565   C.2    4.60   37.18   44.01  1.90  -0.03   0.5973   N    0.00    0.00    0.00    0.00    0.00    0.00 0 0 0 0 0   -1   -1   -1
 79  5566   O.2    4.44   35.95   43.97  1.66  -0.40  -0.5679   P    4.31   34.96   43.94    0.92   -0.13    0.36 2 0 1 0 2   -1   -1   -1
 80  5567   C.3    4.17   38.49   41.90  1.94  -0.14   0.2117   N    0.00    0.00    0.00    0.00    0.00    0.00 0 0 0 0 0   -1   -1   -1
 81  5568   O.3    4.76   38.88   40.66  1.74  -0.47  -0.6546   P    5.17   39.15   39.79    0.20   -0.96   -0.20 2 1 2 0 3   -1   -1   -1
 82  5574  N.am    4.27   37.88   45.10  1.83   0.08  -0.2548   N    0.00    0.00    0.00    0.00    0.00    0.00 0 0 0 0 0   -1   -1   -1
 83  5575   C.3    3.76   37.19   46.30  1.94  -0.31  -0.0266   N    0.00    0.00    0.00    0.00    0.00    0.00 0 0 0 0 0   -1   -1   -1
 84  5576   C.2    2.48   36.47   46.05  1.90  -0.03   0.5896   N    0.00    0.00    0.00    0.00    0.00    0.00 0 0 0 0 0   -1   -1   -1
 85  5577   O.2    2.37   35.41   46.64  1.66  -0.40  -0.5748   P    2.28   34.54   47.12   -0.47    0.47    0.75 2 0 1 0 2   -1   -1   -1
 86  5578   C.3    3.78   38.27   47.32  1.94   0.36  -0.0070   N    0.00    0.00    0.00    0.00    0.00    0.00 0 0 0 0 0   -1   -1   -1
 87  5579   C.3    4.81   39.27   46.81  1.94   0.36   0.0189   N    0.00    0.00    0.00    0.00    0.00    0.00 0 0 0 0 0   -1   -1   -1
 88  5580   C.3    4.52   39.30   45.31  1.94  -0.14   0.0192   N    0.00    0.00    0.00    0.00    0.00    0.00 0 0 0 0 0   -1   -1   -1
 89  5588  N.am    1.61   37.03   45.16  1.83  -0.10  -0.5163   P    1.83   37.91   44.75    0.00    0.00    0.00 0 1 0 0 1   -1   -1   -1
 90  5589   C.3    0.36   36.36   44.80  1.94  -0.31   0.0397   N    0.00    0.00    0.00    0.00    0.00    0.00 0 0 0 0 0   -1   -1   -1
 91  5590   C.2    0.62   34.98   44.09  1.90  -0.03   0.5366   N    0.00    0.00    0.00    0.00    0.00    0.00 0 0 0 0 0   -1   -1   -1
 92  5591   O.2   -0.21   34.11   44.35  1.66  -0.40  -0.5819   P   -0.88   33.40   44.56   -0.59    0.34   -0.74 2 0 1 0 2   -1   -1   -1
 93  5592   C.3   -0.52   37.18   43.82  1.94   0.36   0.0560   N    0.00    0.00    0.00    0.00    0.00    0.00 0 0 0 0 0   -1   -1   -1
 94  5596 O.co2    1.45   39.26   43.63  1.66  -0.88  -0.8188   P    2.33   38.96   43.26   -0.30    0.24   -0.92 2 0 1 0 2   -1   -1   -1
 95  5603  N.am    1.65   34.89   43.23  1.83  -0.10  -0.4157   P    2.23   35.68   43.05    0.00    0.00    0.00 0 1 0 1 1   -1   -1   -1
 96  5605   C.2    2.49   32.62   43.58  1.90  -0.03   0.5973   N    0.00    0.00    0.00    0.00    0.00    0.00 0 0 0 0 0   -1   -1   -1
 97  5606   O.2    2.22   31.39   43.47  1.66  -0.40  -0.5679   P    2.01   30.42   43.38    0.89   -0.16   -0.42 2 0 1 0 2   -1   -1   -1
 98  5620  N.am    3.08   33.09   44.65  1.83  -0.10  -0.4157   P    3.06   34.08   44.81    0.00    0.00    0.00 0 1 0 0 1   -1   -1   -1
 99  5621   C.3    3.78   32.23   45.64  1.94  -0.31  -0.0518   N    0.00    0.00    0.00    0.00    0.00    0.00 0 0 0 0 0   -1   -1   -1
100  5622   C.2    2.89   31.51   46.63  1.90  -0.03   0.5973   N    0.00    0.00    0.00    0.00    0.00    0.00 0 0 0 0 0   -1   -1   -1
101  5623   O.2    3.03   30.28   46.96  1.66  -0.40  -0.5679   P    3.14   29.32   47.22    0.50    0.28    0.82 2 0 1 0 2   -1   -1   -1
102  5624   C.3    4.93   32.96   46.40  1.94   0.36  -0.1102   N    0.00    0.00    0.00    0.00    0.00    0.00 0 0 0 0 0   -1   -1   -1
103  5625   C.3    6.10   33.22   45.45  1.94   0.13   0.3531   N    0.00    0.00    0.00    0.00    0.00    0.00 0 0 0 0 0   -1   -1   -1
104  5626   C.3    7.22   33.99   46.23  1.94   0.53  -0.4121   N    0.00    0.00    0.00    0.00    0.00    0.00 0 0 0 0 0   -1   -1   -1
105  5627   C.3    6.69   31.95   44.86  1.94   0.53  -0.4121   N    0.00    0.00    0.00    0.00    0.00    0.00 0 0 0 0 0   -1   -1   -1
106  5639  N.am    1.82   32.26   47.03  1.83  -0.10  -0.4157   P    1.83   33.23   46.77    0.00    0.00    0.00 0 1 0 0 1   -1   -1   -1
107  5640   C.3    0.68   31.80   47.79  1.94  -0.31  -0.0249   N    0.00    0.00    0.00    0.00    0.00    0.00 0 0 0 0 0   -1   -1   -1
108  5641   C.2   -0.02   30.69   46.95  1.90  -0.03   0.5973   N    0.00    0.00    0.00    0.00    0.00    0.00 0 0 0 0 0   -1   -1   -1
109  5642   O.2   -0.21   29.58   47.33  1.66  -0.40  -0.5679   P   -0.37   28.65   47.65   -0.89    0.27    0.35 2 0 1 0 2   -1   -1   -1
110  5643   C.3   -0.29   32.90   48.21  1.94  -0.14   0.2117   N    0.00    0.00    0.00    0.00    0.00    0.00 0 0 0 0 0   -1   -1   -1
111  5644   O.3   -1.43   32.34   48.84  1.74  -0.47  -0.6546   P   -2.23   31.95   49.28   -0.29    0.91    0.29 2 1 2 1 3   -1   -1   -1
112  5650  N.am   -0.39   31.06   45.73  1.83  -0.10  -0.3479   P   -0.17   31.97   45.39    0.00    0.00    0.00 0 1 0 0 1   -1   -1   -1
113  5697   C.3    2.40   27.76   49.52  1.94   0.36  -0.0094   N    0.00    0.00    0.00    0.00    0.00    0.00 0 0 0 0 0   -1   -1   -1
114  5698   C.3    3.87   28.15   49.52  1.94   0.36   0.0187   N    0.00    0.00    0.00    0.00    0.00    0.00 0 0 0 0 0   -1   -1   -1
115  5699   C.3    4.19   29.07   50.75  1.94   0.36  -0.0479   N    0.00    0.00    0.00    0.00    0.00    0.00 0 0 0 0 0   -1   -1   -1
116  5700   C.3    3.44   30.44   50.58  1.94  -0.14  -0.0143   N    0.00    0.00    0.00    0.00    0.00    0.00 0 0 0 0 0   -1   -1   -1
117  5701   N.4    3.31   31.27   51.78  1.86  -2.00  -0.3854   P    3.22   31.84   52.60    0.47    0.75   -0.47 0 3 0 3 3   -1   -1   -1
<End>
