#
# This file is create by LigBuilder/Cavity.
# It stores the parameters for the pocket atoms.
# Creation time: Tue Apr  7 19:56:10 2026
#
# 1st column: ID of the atom
# 2nd column: ID of the atom in the original PDB file
# 3rd column: atom type
# 4th column: X coordinate
# 5th column: Y coordinate
# 6th column: Z coordinate
# 7th column: vdw radius
# 8th column: atomic hydrophobic scale
# 9th column: H-bond character
# 10th column: H-bond root X coordinate
# 11th column: H-bond root Y coordinate
# 12th column: H-bond root Z coordinate
#
<Start>
<Atom_number> 156
  1  3614   C.2   15.27   35.99   47.36  1.90  -0.03   0.5973   N    0.00    0.00    0.00    0.00    0.00    0.00 0 0 0 0 0   -1   -1   -1
  2  3615   O.2   14.20   35.47   47.70  1.66  -0.40  -0.5679   P   13.34   35.05   47.97    0.31   -0.88   -0.38 2 0 1 0 2   -1   -1   -1
  3  3618   O.3   15.83   38.84   47.17  1.74  -0.47  -0.6761   P   16.31   39.33   47.89    0.67    0.32   -0.67 2 1 1 0 3   -1   -1   -1
  4  3626  N.am   16.32   36.01   48.17  1.83  -0.10  -0.5163   P   17.20   36.31   47.79    0.00    0.00    0.00 0 1 0 0 1   -1   -1   -1
  5  3627   C.3   16.27   35.62   49.59  1.94  -0.31   0.0381   N    0.00    0.00    0.00    0.00    0.00    0.00 0 0 0 0 0   -1   -1   -1
  6  3628   C.2   15.09   36.23   50.40  1.90  -0.03   0.5366   N    0.00    0.00    0.00    0.00    0.00    0.00 0 0 0 0 0   -1   -1   -1
  7  3629   O.2   14.45   35.50   51.20  1.66  -0.40  -0.5819   P   13.94   34.92   51.84    0.60    0.28    0.74 2 0 1 0 2   -1   -1   -1
  8  3630   C.3   17.56   35.66   50.39  1.94   0.01  -0.0303   N    0.00    0.00    0.00    0.00    0.00    0.00 0 0 0 0 0   -1   -1   -1
  9  3631   C.2   18.52   36.84   50.13  1.90  -0.03   0.7994   N    0.00    0.00    0.00    0.00    0.00    0.00 0 0 0 0 0   -1   -1   -1
 10  3632 O.co2   19.70   36.73   50.51  1.66  -0.88  -0.8014   P   20.65   36.64   50.82    0.24   -0.41   -0.88 2 0 1 0 2   -1   -1   -1
 11  3633 O.co2   18.15   37.85   49.55  1.66  -0.88  -0.8014   P   17.85   38.68   49.08   -0.24    0.41    0.88 2 0 1 0 2   -1   -1   -1
 12  3638  N.am   14.73   37.49   50.21  1.83  -0.10  -0.5163   P   15.28   38.01   49.56    0.00    0.00    0.00 0 1 0 0 1   -1   -1   -1
 13  3639   C.3   13.64   38.19   50.84  1.94  -0.31   0.0381   N    0.00    0.00    0.00    0.00    0.00    0.00 0 0 0 0 0   -1   -1   -1
 14  3640   C.2   12.24   37.52   50.50  1.90  -0.03   0.5366   N    0.00    0.00    0.00    0.00    0.00    0.00 0 0 0 0 0   -1   -1   -1
 15  3641   O.2   11.29   37.89   51.20  1.66  -0.40  -0.5819   P   10.52   38.19   51.77   -0.14    0.78   -0.61 2 0 2 0 2   -1   -1   -1
 16  3642   C.3   13.61   39.70   50.39  1.94   0.01  -0.0303   N    0.00    0.00    0.00    0.00    0.00    0.00 0 0 0 0 0   -1   -1   -1
 17  3643   C.2   14.91   40.49   50.47  1.90  -0.03   0.7994   N    0.00    0.00    0.00    0.00    0.00    0.00 0 0 0 0 0   -1   -1   -1
 18  3644 O.co2   14.87   41.67   50.02  1.66  -0.88  -0.8014   P   14.84   42.60   49.66   -0.32    0.33    0.89 2 0 2 0 2   -1   -1   -1
 19  3645 O.co2   15.98   40.03   51.02  1.66  -0.88  -0.8014   P   16.81   39.67   51.45    0.32   -0.33   -0.89 2 0 2 0 2   -1   -1   -1
 20  3650  N.am   12.18   36.67   49.42  1.83  -0.10  -0.4157   P   12.97   36.66   48.81    0.00    0.00    0.00 0 1 0 1 1   -1   -1   -1
 21  3651   C.3   11.06   35.76   49.06  1.94  -0.31   0.0337   N    0.00    0.00    0.00    0.00    0.00    0.00 0 0 0 0 0   -1   -1   -1
 22  3652   C.2   11.33   34.23   49.20  1.90  -0.03   0.5973   N    0.00    0.00    0.00    0.00    0.00    0.00 0 0 0 0 0   -1   -1   -1
 23  3660  N.am   12.54   33.75   48.87  1.83  -0.10  -0.4157   P   13.20   34.40   48.49    0.00    0.00    0.00 0 1 0 0 1   -1   -1   -1
 24  3662   C.2   12.93   31.74   50.40  1.90  -0.03   0.5973   N    0.00    0.00    0.00    0.00    0.00    0.00 0 0 0 0 0   -1   -1   -1
 25  3680  N.am   13.53   32.37   51.43  1.83  -0.10  -0.4157   P   13.93   33.28   51.29    0.00    0.00    0.00 0 1 0 0 1   -1   -1   -1
 26  3681   C.3   13.60   31.76   52.72  1.94  -0.31  -0.0875   N    0.00    0.00    0.00    0.00    0.00    0.00 0 0 0 0 0   -1   -1   -1
 27  3682   C.2   12.22   31.67   53.25  1.90  -0.03   0.5973   N    0.00    0.00    0.00    0.00    0.00    0.00 0 0 0 0 0   -1   -1   -1
 28  3683   O.2   11.87   30.58   53.71  1.66  -0.40  -0.5679   P   11.59   29.70   54.08    0.23    0.31    0.92 2 0 1 0 2   -1   -1   -1
 29  3684   C.3   14.53   32.58   53.65  1.94   0.13   0.2985   N    0.00    0.00    0.00    0.00    0.00    0.00 0 0 0 0 0   -1   -1   -1
 30  3685   C.3   14.76   31.69   54.91  1.94   0.53  -0.3192   N    0.00    0.00    0.00    0.00    0.00    0.00 0 0 0 0 0   -1   -1   -1
 31  3686   C.3   15.93   32.69   53.08  1.94   0.53  -0.3192   N    0.00    0.00    0.00    0.00    0.00    0.00 0 0 0 0 0   -1   -1   -1
 32  3696  N.am   11.41   32.74   53.09  1.83  -0.10  -0.5163   P   11.76   33.54   52.60    0.00    0.00    0.00 0 1 0 1 1   -1   -1   -1
 33  3697   C.3   10.06   32.76   53.60  1.94  -0.31   0.0381   N    0.00    0.00    0.00    0.00    0.00    0.00 0 0 0 0 0   -1   -1   -1
 34  3700   C.3    9.48   34.12   53.51  1.94   0.01  -0.0303   N    0.00    0.00    0.00    0.00    0.00    0.00 0 0 0 0 0   -1   -1   -1
 35  3752   C.3   11.79   29.26   56.78  1.94   0.36   0.0187   N    0.00    0.00    0.00    0.00    0.00    0.00 0 0 0 0 0   -1   -1   -1
 36  3753   C.3   11.97   30.51   57.65  1.94   0.36  -0.0479   N    0.00    0.00    0.00    0.00    0.00    0.00 0 0 0 0 0   -1   -1   -1
 37  3754   C.3   11.36   31.77   56.94  1.94  -0.14  -0.0143   N    0.00    0.00    0.00    0.00    0.00    0.00 0 0 0 0 0   -1   -1   -1
 38  3755   N.4   11.13   32.87   57.93  1.86  -2.00  -0.3854   P   10.98   33.60   58.59    0.56    0.62   -0.56 0 3 0 3 3   -1   -1   -1
 39  4262   O.2   18.92   36.40   46.12  1.66  -0.40  -0.5679   P   18.37   36.93   46.76   -0.75   -0.66   -0.09 2 0 1 0 2   -1   -1   -1
 40  4292  N.am   21.91   35.49   49.05  1.83  -0.10  -0.4157   P   21.03   35.74   49.45    0.00    0.00    0.00 0 1 0 1 1   -1   -1   -1
 41  4293   C.3   23.11   35.77   49.83  1.94  -0.31  -0.0389   N    0.00    0.00    0.00    0.00    0.00    0.00 0 0 0 0 0   -1   -1   -1
 42  4294   C.2   23.66   34.43   50.42  1.90  -0.03   0.5973   N    0.00    0.00    0.00    0.00    0.00    0.00 0 0 0 0 0   -1   -1   -1
 43  4295   O.2   22.80   33.56   50.67  1.66  -0.40  -0.5679   P   22.11   32.86   50.87    0.21   -0.45   -0.87 2 0 1 0 2   -1   -1   -1
 44  4296   C.3   22.91   36.72   51.05  1.94  -0.20   0.3654   N    0.00    0.00    0.00    0.00    0.00    0.00 0 0 0 0 0   -1   -1   -1
 45  4297   C.3   22.61   38.10   50.56  1.94   0.53  -0.2438   N    0.00    0.00    0.00    0.00    0.00    0.00 0 0 0 0 0   -1   -1   -1
 46  4298   O.3   21.87   36.35   51.89  1.74  -0.47  -0.6761   P   21.12   36.08   52.50   -0.19    0.96    0.19 2 1 1 0 3   -1   -1   -1
 47  4306  N.am   24.93   34.34   50.77  1.83  -0.10  -0.4157   P   25.59   34.96   50.34    0.00    0.00    0.00 0 1 0 1 1   -1   -1   -1
 48  4307   C.3   25.39   33.39   51.74  1.94  -0.31  -0.0597   N    0.00    0.00    0.00    0.00    0.00    0.00 0 0 0 0 0   -1   -1   -1
 49  4308   C.2   24.50   33.22   53.03  1.90  -0.03   0.5973   N    0.00    0.00    0.00    0.00    0.00    0.00 0 0 0 0 0   -1   -1   -1
 50  4309   O.2   24.07   32.15   53.35  1.66  -0.40  -0.5679   P   23.71   31.26   53.62    0.72   -0.08    0.69 2 0 1 0 2   -1   -1   -1
 51  4310   C.3   26.88   33.39   52.12  1.94   0.13   0.1303   N    0.00    0.00    0.00    0.00    0.00    0.00 0 0 0 0 0   -1   -1   -1
 52  4311   C.3   27.66   33.06   50.90  1.94   0.36  -0.0430   N    0.00    0.00    0.00    0.00    0.00    0.00 0 0 0 0 0   -1   -1   -1
 53  4312   C.3   27.24   32.48   53.38  1.94   0.53  -0.3204   N    0.00    0.00    0.00    0.00    0.00    0.00 0 0 0 0 0   -1   -1   -1
 54  4313   C.3   29.11   33.53   50.94  1.94   0.53  -0.0660   N    0.00    0.00    0.00    0.00    0.00    0.00 0 0 0 0 0   -1   -1   -1
 55  4325  N.am   24.03   34.32   53.66  1.83  -0.10  -0.3479   P   24.22   35.20   53.23    0.00    0.00    0.00 0 1 0 1 1   -1   -1   -1
 56  4326   C.3   23.30   34.33   54.87  1.94  -0.31  -0.2400   N    0.00    0.00    0.00    0.00    0.00    0.00 0 0 0 0 0   -1   -1   -1
 57  4327   C.2   21.87   33.81   54.64  1.90  -0.03   0.7341   N    0.00    0.00    0.00    0.00    0.00    0.00 0 0 0 0 0   -1   -1   -1
 58  4328   O.2   21.37   33.04   55.46  1.66  -0.40  -0.5894   P   20.96   32.41   56.13   -0.42    0.77    0.47 2 0 1 0 2   -1   -1   -1
 59  4329   C.3   23.18   35.75   55.49  1.94   0.36  -0.0094   N    0.00    0.00    0.00    0.00    0.00    0.00 0 0 0 0 0   -1   -1   -1
 60  4330   C.3   22.76   35.64   56.90  1.94   0.36   0.0187   N    0.00    0.00    0.00    0.00    0.00    0.00 0 0 0 0 0   -1   -1   -1
 61  4331   C.3   22.94   36.93   57.67  1.94   0.36  -0.0479   N    0.00    0.00    0.00    0.00    0.00    0.00 0 0 0 0 0   -1   -1   -1
 62  4332   C.3   24.42   37.25   57.84  1.94  -0.14  -0.0143   N    0.00    0.00    0.00    0.00    0.00    0.00 0 0 0 0 0   -1   -1   -1
 63  4333   N.4   24.60   38.20   58.94  1.86  -2.00  -0.3854   P   24.72   38.85   59.69    0.58    0.57   -0.58 0 3 0 3 3   -1   -1   -1
 64  4347  N.am   21.21   34.10   53.57  1.83  -0.10  -0.4157   P   21.64   34.73   52.92    0.00    0.00    0.00 0 1 0 0 1   -1   -1   -1
 65  4348   C.3   19.85   33.57   53.21  1.94  -0.30  -0.0252   N    0.00    0.00    0.00    0.00    0.00    0.00 0 0 0 0 0   -1   -1   -1
 66  4349   C.2   19.91   32.07   52.93  1.90  -0.03   0.5973   N    0.00    0.00    0.00    0.00    0.00    0.00 0 0 0 0 0   -1   -1   -1
 67  4350   O.2   18.97   31.26   53.11  1.66  -0.40  -0.5679   P   18.22   30.61   53.25   -0.35    0.21   -0.91 2 0 2 0 2   -1   -1   -1
 68  4354  N.am   21.08   31.61   52.37  1.83  -0.10  -0.4157   P   21.85   32.24   52.25    0.00    0.00    0.00 0 1 0 0 1   -1   -1   -1
 69  4374   C.2   21.27   29.48   56.29  1.90  -0.03   0.5973   N    0.00    0.00    0.00    0.00    0.00    0.00 0 0 0 0 0   -1   -1   -1
 70  4382  N.am   20.29   30.42   56.07  1.83  -0.10  -0.3479   P   20.47   31.20   55.46    0.00    0.00    0.00 0 1 0 0 1   -1   -1   -1
 71  4383   C.3   18.98   30.28   56.73  1.94  -0.31  -0.2637   N    0.00    0.00    0.00    0.00    0.00    0.00 0 0 0 0 0   -1   -1   -1
 72  4384   C.2   18.28   29.00   56.37  1.90  -0.03   0.7341   N    0.00    0.00    0.00    0.00    0.00    0.00 0 0 0 0 0   -1   -1   -1
 73  4385   O.2   17.54   28.49   57.21  1.66  -0.40  -0.5894   P   16.94   28.08   57.89   -0.79    0.40   -0.46 2 0 1 0 2   -1   -1   -1
 74  4386   C.3   17.98   31.44   56.53  1.94   0.36  -0.0007   N    0.00    0.00    0.00    0.00    0.00    0.00 0 0 0 0 0   -1   -1   -1
 75  4387   C.3   18.24   32.82   57.14  1.94   0.36   0.0390   N    0.00    0.00    0.00    0.00    0.00    0.00 0 0 0 0 0   -1   -1   -1
 76  4388   C.3   17.60   33.07   58.56  1.94  -0.14   0.0486   N    0.00    0.00    0.00    0.00    0.00    0.00 0 0 0 0 0   -1   -1   -1
 77  4389 N.pl3   17.92   32.04   59.58  1.83  -0.10  -0.5295   P   18.86   32.05   59.92    0.00    0.00    0.00 0 1 0 1 1   -1   -1   -1
 78  4390 C.cat   17.11   31.08   60.12  1.90   0.00   0.8076   N    0.00    0.00    0.00    0.00    0.00    0.00 0 0 0 0 0   -1   -1   -1
 79  4391 N.pl3   15.85   30.95   59.80  1.83  -0.65  -0.8627   P   14.89   30.85   59.56    0.26   -0.58   -0.77 0 2 0 2 2   -1   -1   -1
 80  4811 N.pl3   33.27   35.31   49.25  1.83  -0.10  -0.5295   P   32.57   35.31   49.97    0.00    0.00    0.00 0 1 0 0 1   -1   -1   -1
 81  4812 C.cat   33.34   36.43   48.51  1.90   0.00   0.8076   N    0.00    0.00    0.00    0.00    0.00    0.00 0 0 0 0 0   -1   -1   -1
 82  4814 N.pl3   32.36   37.28   48.68  1.83  -0.65  -0.8627   P   31.61   37.93   48.81    0.50    0.42    0.76 0 2 0 1 2   -1   -1   -1
 83  4878  C.ar   28.88   31.50   56.79  1.85   0.30  -0.0011   N    0.00    0.00    0.00    0.00    0.00    0.00 0 0 0 0 0   -1   -1   -1
 84  4879  C.ar   27.50   31.38   56.61  1.85   0.34  -0.1906   N    0.00    0.00    0.00    0.00    0.00    0.00 0 0 0 0 0   -1   -1   -1
 85  4880  C.ar   29.44   32.23   57.80  1.85   0.34  -0.1906   N    0.00    0.00    0.00    0.00    0.00    0.00 0 0 0 0 0   -1   -1   -1
 86  4881  C.ar   26.68   32.14   57.48  1.85   0.34  -0.2341   N    0.00    0.00    0.00    0.00    0.00    0.00 0 0 0 0 0   -1   -1   -1
 87  4882  C.ar   28.64   32.93   58.68  1.85   0.34  -0.2341   N    0.00    0.00    0.00    0.00    0.00    0.00 0 0 0 0 0   -1   -1   -1
 88  4883  C.ar   27.21   32.98   58.52  1.85  -0.15   0.3226   N    0.00    0.00    0.00    0.00    0.00    0.00 0 0 0 0 0   -1   -1   -1
 89  4884   O.3   26.46   33.97   59.15  1.74   0.08  -0.5579   P   25.92   34.68   59.60    0.50    0.70   -0.50 2 1 2 1 3   -1   -1   -1
 90  5097  N.am   35.49   37.87   58.94  1.83  -0.10  -0.5163   P   35.73   38.60   59.58    0.00    0.00    0.00 0 1 0 0 1   -1   -1   -1
 91  5098   C.3   34.84   38.26   57.68  1.94  -0.31   0.0381   N    0.00    0.00    0.00    0.00    0.00    0.00 0 0 0 0 0   -1   -1   -1
 92  5099   C.2   35.91   38.50   56.66  1.90  -0.03   0.5366   N    0.00    0.00    0.00    0.00    0.00    0.00 0 0 0 0 0   -1   -1   -1
 93  5100   O.2   35.52   38.70   55.51  1.66  -0.40  -0.5819   P   35.20   38.86   54.58    0.02    0.99    0.17 2 0 1 0 2   -1   -1   -1
 94  5101   C.3   33.89   39.48   57.81  1.94   0.01  -0.0303   N    0.00    0.00    0.00    0.00    0.00    0.00 0 0 0 0 0   -1   -1   -1
 95  5102   C.2   34.49   40.65   58.58  1.90  -0.03   0.7994   N    0.00    0.00    0.00    0.00    0.00    0.00 0 0 0 0 0   -1   -1   -1
 96  5103 O.co2   35.73   40.72   58.92  1.66  -0.88  -0.8014   P   36.69   40.77   59.18    0.20    0.49   -0.85 2 0 1 0 2   -1   -1   -1
 97  5104 O.co2   33.75   41.59   58.95  1.66  -0.88  -0.8014   P   33.16   42.34   59.25   -0.20   -0.49    0.85 2 0 2 0 2   -1   -1   -1
 98  5109  N.am   37.25   38.43   56.95  1.83  -0.10  -0.4157   P   37.51   38.33   57.91    0.00    0.00    0.00 0 1 0 1 1   -1   -1   -1
 99  5110   C.3   38.36   38.49   55.94  1.94  -0.31  -0.0031   N    0.00    0.00    0.00    0.00    0.00    0.00 0 0 0 0 0   -1   -1   -1
100  5113   C.3   39.28   39.63   56.24  1.94   0.36  -0.0036   N    0.00    0.00    0.00    0.00    0.00    0.00 0 0 0 0 0   -1   -1   -1
101  5114   C.3   38.55   40.98   55.86  1.94  -0.01  -0.0645   N    0.00    0.00    0.00    0.00    0.00    0.00 0 0 0 0 0   -1   -1   -1
102  5115   C.2   38.21   41.13   54.38  1.90  -0.03   0.6951   N    0.00    0.00    0.00    0.00    0.00    0.00 0 0 0 0 0   -1   -1   -1
103  5116  N.am   39.25   41.22   53.52  1.83  -0.65  -0.9407   P   40.02   41.29   52.88    0.09   -1.00    0.00 0 2 0 1 2   -1   -1   -1
104  5117   O.2   37.08   41.03   53.94  1.66  -0.40  -0.6086   P   36.15   40.95   53.58   -0.09    1.00   -0.00 2 0 2 0 2   -1   -1   -1
105  5324   O.2   39.22   41.26   50.52  1.66  -0.40  -0.5819   P   39.13   41.85   51.32   -0.96   -0.27    0.09 2 0 1 0 2   -1   -1   -1
106  5327 O.co2   35.97   39.58   46.99  1.66  -0.88  -0.8014   P   35.05   39.47   46.61    0.38   -0.04   -0.92 2 0 1 0 2   -1   -1   -1
107  5335   C.2   38.35   38.50   51.61  1.90  -0.03   0.5973   N    0.00    0.00    0.00    0.00    0.00    0.00 0 0 0 0 0   -1   -1   -1
108  5336   O.2   38.36   38.06   52.78  1.66  -0.40  -0.5679   P   38.37   37.71   53.72    0.25    0.91    0.34 2 0 1 0 2   -1   -1   -1
109  5353  N.am   37.26   39.00   51.06  1.83  -0.10  -0.4157   P   37.33   39.48   50.18    0.00    0.00    0.00 0 1 0 1 1   -1   -1   -1
110  5354   C.3   36.00   38.88   51.67  1.94  -0.31  -0.0031   N    0.00    0.00    0.00    0.00    0.00    0.00 0 0 0 0 0   -1   -1   -1
111  5355   C.2   35.52   37.45   51.79  1.90  -0.03   0.5973   N    0.00    0.00    0.00    0.00    0.00    0.00 0 0 0 0 0   -1   -1   -1
112  5356   O.2   35.68   36.68   50.90  1.66  -0.40  -0.5679   P   35.81   36.03   50.15    0.81   -0.36    0.46 2 0 2 0 2   -1   -1   -1
113  5357   C.3   34.99   39.66   50.78  1.94   0.36  -0.0036   N    0.00    0.00    0.00    0.00    0.00    0.00 0 0 0 0 0   -1   -1   -1
114  5358   C.3   35.37   41.18   50.89  1.94  -0.01  -0.0645   N    0.00    0.00    0.00    0.00    0.00    0.00 0 0 0 0 0   -1   -1   -1
115  5359   C.2   34.56   42.08   49.88  1.90  -0.03   0.6951   N    0.00    0.00    0.00    0.00    0.00    0.00 0 0 0 0 0   -1   -1   -1
116  5360  N.am   34.55   43.36   50.21  1.83  -0.65  -0.9407   P   34.54   44.33   50.46    0.81    0.15   -0.56 0 2 0 2 2   -1   -1   -1
117  5361   O.2   33.95   41.67   48.89  1.66  -0.40  -0.6086   P   33.46   41.34   48.09   -0.81   -0.15    0.56 2 0 2 0 2   -1   -1   -1
118  5370  N.am   34.76   37.15   52.89  1.83  -0.10  -0.4157   P   34.73   37.83   53.62    0.00    0.00    0.00 0 1 0 0 1   -1   -1   -1
119  5371   C.3   33.97   35.89   53.09  1.94  -0.31  -0.0518   N    0.00    0.00    0.00    0.00    0.00    0.00 0 0 0 0 0   -1   -1   -1
120  5372   C.2   32.52   36.04   52.67  1.90  -0.03   0.5973   N    0.00    0.00    0.00    0.00    0.00    0.00 0 0 0 0 0   -1   -1   -1
121  5373   O.2   32.04   35.24   51.83  1.66  -0.40  -0.5679   P   31.66   34.60   51.16   -0.27   -0.62    0.74 2 0 1 0 2   -1   -1   -1
122  5374   C.3   34.03   35.59   54.64  1.94   0.36  -0.1102   N    0.00    0.00    0.00    0.00    0.00    0.00 0 0 0 0 0   -1   -1   -1
123  5375   C.3   32.91   34.61   55.09  1.94   0.13   0.3531   N    0.00    0.00    0.00    0.00    0.00    0.00 0 0 0 0 0   -1   -1   -1
124  5376   C.3   33.23   33.24   54.55  1.94   0.53  -0.4121   N    0.00    0.00    0.00    0.00    0.00    0.00 0 0 0 0 0   -1   -1   -1
125  5377   C.3   32.71   34.48   56.59  1.94   0.53  -0.4121   N    0.00    0.00    0.00    0.00    0.00    0.00 0 0 0 0 0   -1   -1   -1
126  5389  N.am   31.78   37.03   53.23  1.83  -0.10  -0.4157   P   32.26   37.70   53.79    0.00    0.00    0.00 0 1 0 1 1   -1   -1   -1
127  5390   C.3   30.31   37.19   53.07  1.94  -0.31   0.0188   N    0.00    0.00    0.00    0.00    0.00    0.00 0 0 0 0 0   -1   -1   -1
128  5391   C.2   29.85   37.68   51.66  1.90  -0.03   0.5973   N    0.00    0.00    0.00    0.00    0.00    0.00 0 0 0 0 0   -1   -1   -1
129  5392   O.2   30.66   38.08   50.83  1.66  -0.40  -0.5679   P   31.32   38.41   50.15    0.17   -0.94   -0.29 2 0 1 0 2   -1   -1   -1
130  5393   C.3   29.73   38.14   54.19  1.94  -0.01  -0.0462   N    0.00    0.00    0.00    0.00    0.00    0.00 0 0 0 0 0   -1   -1   -1
131  5394  C.ar   30.11   37.73   55.62  1.90  -0.03  -0.0266   N    0.00    0.00    0.00    0.00    0.00    0.00 0 0 0 0 0   -1   -1   -1
132  5395  C.ar   30.95   38.30   56.47  1.90  -0.31   0.1292   N    0.00    0.00    0.00    0.00    0.00    0.00 0 0 0 0 0   -1   -1   -1
133  5396  N.ar   29.29   36.86   56.34  1.87   0.14  -0.3811   P   28.50   36.36   56.00    0.00    0.00    0.00 1 1 1 1 1  134   -1  132
134  5397  C.ar   29.79   36.84   57.58  1.90  -0.31   0.2057   N    0.00    0.00    0.00    0.00    0.00    0.00 0 0 0 0 0   -1   -1   -1
135  5398  N.ar   30.77   37.75   57.68  1.87   0.14  -0.5727   P   31.28   37.98   58.51    0.00    0.00    0.00 1 1 1 1 1  132   -1  134
136  5406  N.am   28.55   37.55   51.34  1.83  -0.10  -0.4157   P   27.88   37.26   52.02    0.00    0.00    0.00 0 1 0 1 1   -1   -1   -1
137  5407   C.3   28.14   37.84   49.99  1.94  -0.31  -0.0518   N    0.00    0.00    0.00    0.00    0.00    0.00 0 0 0 0 0   -1   -1   -1
138  5408   C.2   26.75   38.49   49.91  1.90  -0.03   0.5973   N    0.00    0.00    0.00    0.00    0.00    0.00 0 0 0 0 0   -1   -1   -1
139  5409   O.2   25.69   37.80   49.99  1.66  -0.40  -0.5679   P   24.85   37.26   50.05   -0.08    0.24    0.97 2 0 2 0 2   -1   -1   -1
140  5410   C.3   27.98   36.52   49.22  1.94   0.36  -0.1102   N    0.00    0.00    0.00    0.00    0.00    0.00 0 0 0 0 0   -1   -1   -1
141  5411   C.3   27.54   36.50   47.74  1.94   0.13   0.3531   N    0.00    0.00    0.00    0.00    0.00    0.00 0 0 0 0 0   -1   -1   -1
142  5412   C.3   28.52   37.45   46.89  1.94   0.53  -0.4121   N    0.00    0.00    0.00    0.00    0.00    0.00 0 0 0 0 0   -1   -1   -1
143  5425  N.am   26.74   39.77   49.59  1.83  -0.10  -0.4157   P   27.63   40.18   49.40    0.00    0.00    0.00 0 1 0 0 1   -1   -1   -1
144  5426   C.3   25.57   40.67   49.48  1.94  -0.31  -0.0031   N    0.00    0.00    0.00    0.00    0.00    0.00 0 0 0 0 0   -1   -1   -1
145  5427   C.2   24.73   40.48   48.14  1.90  -0.03   0.5973   N    0.00    0.00    0.00    0.00    0.00    0.00 0 0 0 0 0   -1   -1   -1
146  5428   O.2   25.32   39.94   47.21  1.66  -0.40  -0.5679   P   25.80   39.50   46.45   -0.35   -0.89    0.29 2 0 2 0 2   -1   -1   -1
147  5429   C.3   26.06   42.17   49.66  1.94   0.36  -0.0036   N    0.00    0.00    0.00    0.00    0.00    0.00 0 0 0 0 0   -1   -1   -1
148  5430   C.3   26.75   42.86   48.48  1.94  -0.01  -0.0645   N    0.00    0.00    0.00    0.00    0.00    0.00 0 0 0 0 0   -1   -1   -1
149  5431   C.2   28.28   42.77   48.53  1.90  -0.03   0.6951   N    0.00    0.00    0.00    0.00    0.00    0.00 0 0 0 0 0   -1   -1   -1
150  5432  N.am   29.00   43.82   48.16  1.83  -0.65  -0.9407   P   29.54   44.61   47.88    0.11    0.26    0.96 0 2 0 2 2   -1   -1   -1
151  5433   O.2   28.85   41.73   48.75  1.66  -0.40  -0.6086   P   29.32   40.87   48.93   -0.11   -0.26   -0.96 2 0 1 0 2   -1   -1   -1
152  5442  N.am   23.48   40.92   47.98  1.83   0.08  -0.2548   N    0.00    0.00    0.00    0.00    0.00    0.00 0 0 0 0 0   -1   -1   -1
153  5443   C.3   22.68   40.80   46.77  1.94  -0.31  -0.0266   N    0.00    0.00    0.00    0.00    0.00    0.00 0 0 0 0 0   -1   -1   -1
154  5446   C.3   21.36   41.47   47.16  1.94   0.36  -0.0070   N    0.00    0.00    0.00    0.00    0.00    0.00 0 0 0 0 0   -1   -1   -1
155  5447   C.3   21.23   41.40   48.66  1.94   0.36   0.0189   N    0.00    0.00    0.00    0.00    0.00    0.00 0 0 0 0 0   -1   -1   -1
156  5448   C.3   22.71   41.52   49.07  1.94  -0.14   0.0192   N    0.00    0.00    0.00    0.00    0.00    0.00 0 0 0 0 0   -1   -1   -1
<End>
