#
# This file is create by LigBuilder/Cavity.
# It stores the parameters for the pocket atoms.
# Creation time: Tue Apr  7 19:56:28 2026
#
# 1st column: ID of the atom
# 2nd column: ID of the atom in the original PDB file
# 3rd column: atom type
# 4th column: X coordinate
# 5th column: Y coordinate
# 6th column: Z coordinate
# 7th column: vdw radius
# 8th column: atomic hydrophobic scale
# 9th column: H-bond character
# 10th column: H-bond root X coordinate
# 11th column: H-bond root Y coordinate
# 12th column: H-bond root Z coordinate
#
<Start>
<Atom_number> 162
  1  1447   O.2   27.91    7.61   26.01  1.66  -0.40  -0.5679   P   27.37    8.12   26.68    0.42    0.85   -0.31 2 0 0 0 2   -1   -1   -1
  2  1466   O.2   24.99    7.30   25.26  1.66  -0.40  -0.5894   P   24.43    7.92   25.81   -0.65    0.08   -0.76 2 0 2 0 2   -1   -1   -1
  3  1469   C.3   26.66    9.03   20.99  1.94   0.36  -0.0479   N    0.00    0.00    0.00    0.00    0.00    0.00 0 0 0 0 0   -1   -1   -1
  4  1471   N.4   26.40   11.12   19.68  1.86  -2.00  -0.3854   P   26.05   12.06   19.71    0.68    0.28   -0.68 0 3 0 3 3   -1   -1   -1
  5  1529  N.am   25.90    8.04   28.04  1.83  -0.10  -0.4157   P   26.06    7.58   27.16    0.00    0.00    0.00 0 1 0 0 1   -1   -1   -1
  6  1530   C.3   25.64    9.52   27.99  1.94  -0.31   0.0143   N    0.00    0.00    0.00    0.00    0.00    0.00 0 0 0 0 0   -1   -1   -1
  7  1531   C.2   26.99   10.26   28.39  1.90  -0.03   0.5973   N    0.00    0.00    0.00    0.00    0.00    0.00 0 0 0 0 0   -1   -1   -1
  8  1532   O.2   26.97   11.32   29.03  1.66  -0.40  -0.5679   P   26.95   12.18   29.55   -0.10   -0.52    0.85 2 0 2 0 2   -1   -1   -1
  9  1533   C.3   24.25    9.91   28.60  1.94  -0.01  -0.2041   N    0.00    0.00    0.00    0.00    0.00    0.00 0 0 0 0 0   -1   -1   -1
 10  1534   C.2   23.81   11.29   28.17  1.90  -0.03   0.7130   N    0.00    0.00    0.00    0.00    0.00    0.00 0 0 0 0 0   -1   -1   -1
 11  1535  N.am   23.34   12.06   29.11  1.83  -0.65  -0.9196   P   22.98   12.65   29.83    0.91    0.39    0.13 0 2 0 1 2   -1   -1   -1
 12  1536   O.2   23.85   11.60   26.99  1.66  -0.40  -0.5931   P   23.88   11.85   26.02   -0.91   -0.39   -0.13 2 0 2 0 2   -1   -1   -1
 13  1543  N.am   28.10    9.62   28.13  1.83  -0.10  -0.4157   P   28.03    8.73   27.69    0.00    0.00    0.00 0 1 0 0 1   -1   -1   -1
 14  1544   C.3   29.46   10.12   28.44  1.94  -0.31  -0.0875   N    0.00    0.00    0.00    0.00    0.00    0.00 0 0 0 0 0   -1   -1   -1
 15  1545   C.2   30.21   10.50   27.14  1.90  -0.03   0.5973   N    0.00    0.00    0.00    0.00    0.00    0.00 0 0 0 0 0   -1   -1   -1
 16  1546   O.2   29.86   10.04   26.00  1.66  -0.40  -0.5679   P   29.59    9.68   25.11   -0.72    0.69   -0.06 2 0 2 0 2   -1   -1   -1
 17  1560   C.3   31.80   11.93   26.00  1.94  -0.30  -0.0252   N    0.00    0.00    0.00    0.00    0.00    0.00 0 0 0 0 0   -1   -1   -1
 18  1561   C.2   31.97   13.39   25.72  1.90  -0.03   0.5973   N    0.00    0.00    0.00    0.00    0.00    0.00 0 0 0 0 0   -1   -1   -1
 19  1562   O.2   31.50   14.26   26.42  1.66  -0.40  -0.5679   P   31.11   14.98   27.00    0.83   -0.01    0.56 2 0 0 0 2   -1   -1   -1
 20  1568   C.2   31.83   16.07   23.97  1.90  -0.03   0.5366   N    0.00    0.00    0.00    0.00    0.00    0.00 0 0 0 0 0   -1   -1   -1
 21  1569   O.2   31.81   17.23   24.41  1.66  -0.40  -0.5819   P   31.79   18.16   24.76    0.25    0.35   -0.90 2 0 2 0 2   -1   -1   -1
 22  1581  N.am   30.75   15.50   23.45  1.83  -0.10  -0.4157   P   30.74   14.51   23.31    0.00    0.00    0.00 0 1 0 1 1   -1   -1   -1
 23  1582   C.3   29.59   16.26   23.08  1.94  -0.31   0.0337   N    0.00    0.00    0.00    0.00    0.00    0.00 0 0 0 0 0   -1   -1   -1
 24  1583   C.2   28.53   16.37   24.22  1.90  -0.03   0.5973   N    0.00    0.00    0.00    0.00    0.00    0.00 0 0 0 0 0   -1   -1   -1
 25  1584   O.2   27.37   16.77   24.02  1.66  -0.40  -0.5679   P   26.44   17.09   23.86   -0.31   -0.95   -0.07 2 0 2 0 2   -1   -1   -1
 26  1585   C.3   29.02   15.61   21.84  1.94   0.53  -0.1825   N    0.00    0.00    0.00    0.00    0.00    0.00 0 0 0 0 0   -1   -1   -1
 27  1591  N.am   28.97   16.13   25.47  1.83  -0.10  -0.4157   P   29.95   16.10   25.66    0.00    0.00    0.00 0 1 0 0 1   -1   -1   -1
 28  1592   C.3   27.99   15.91   26.55  1.94  -0.31  -0.0389   N    0.00    0.00    0.00    0.00    0.00    0.00 0 0 0 0 0   -1   -1   -1
 29  1593   C.2   28.31   16.73   27.75  1.90  -0.03   0.5973   N    0.00    0.00    0.00    0.00    0.00    0.00 0 0 0 0 0   -1   -1   -1
 30  1594   O.2   29.24   17.52   27.71  1.66  -0.40  -0.5679   P   30.00   18.17   27.68   -0.61    0.70   -0.36 2 0 2 0 2   -1   -1   -1
 31  1595   C.3   28.13   14.39   26.85  1.94  -0.20   0.3654   N    0.00    0.00    0.00    0.00    0.00    0.00 0 0 0 0 0   -1   -1   -1
 32  1596   C.3   28.33   13.28   25.74  1.94   0.53  -0.2438   N    0.00    0.00    0.00    0.00    0.00    0.00 0 0 0 0 0   -1   -1   -1
 33  1597   O.3   29.25   14.19   27.70  1.74  -0.47  -0.6761   P   30.04   14.05   28.30   -0.51   -0.69    0.51 2 1 1 0 3   -1   -1   -1
 34  1605  N.am   27.53   16.58   28.80  1.83  -0.10  -0.5163   P   26.68   16.06   28.71    0.00    0.00    0.00 0 1 0 1 1   -1   -1   -1
 35  1606   C.3   27.87   17.16   30.11  1.94  -0.31   0.0381   N    0.00    0.00    0.00    0.00    0.00    0.00 0 0 0 0 0   -1   -1   -1
 36  1607   C.2   28.77   16.37   31.05  1.90  -0.03   0.5366   N    0.00    0.00    0.00    0.00    0.00    0.00 0 0 0 0 0   -1   -1   -1
 37  1609   C.3   26.48   17.39   30.73  1.94   0.01  -0.0303   N    0.00    0.00    0.00    0.00    0.00    0.00 0 0 0 0 0   -1   -1   -1
 38  1610   C.2   25.50   18.22   30.02  1.90  -0.03   0.7994   N    0.00    0.00    0.00    0.00    0.00    0.00 0 0 0 0 0   -1   -1   -1
 39  1611 O.co2   25.80   18.90   28.99  1.66  -0.88  -0.8014   P   26.04   19.44   28.18   -0.18   -0.80   -0.58 2 0 2 0 2   -1   -1   -1
 40  1612 O.co2   24.32   18.23   30.38  1.66  -0.88  -0.8014   P   23.36   18.24   30.67    0.18    0.80    0.58 2 0 2 0 2   -1   -1   -1
 41  1617  N.am   29.18   15.21   30.56  1.83  -0.10  -0.4157   P   28.87   14.98   29.64    0.00    0.00    0.00 0 1 0 0 1   -1   -1   -1
 42  1618   C.3   30.02   14.26   31.22  1.94  -0.31   0.0213   N    0.00    0.00    0.00    0.00    0.00    0.00 0 0 0 0 0   -1   -1   -1
 43  1621   C.3   29.09   13.21   31.86  1.94   0.36  -0.1231   N    0.00    0.00    0.00    0.00    0.00    0.00 0 0 0 0 0   -1   -1   -1
 44  2196   C.3   21.20   14.16   38.56  1.94  -0.31   0.0188   N    0.00    0.00    0.00    0.00    0.00    0.00 0 0 0 0 0   -1   -1   -1
 45  2197   C.2   21.67   12.78   38.00  1.90  -0.03   0.5973   N    0.00    0.00    0.00    0.00    0.00    0.00 0 0 0 0 0   -1   -1   -1
 46  2198   O.2   21.24   12.43   36.92  1.66  -0.40  -0.5679   P   20.89   12.14   36.03    0.71    0.54   -0.46 2 0 2 0 2   -1   -1   -1
 47  2199   C.3   21.74   15.28   37.58  1.94  -0.01  -0.0462   N    0.00    0.00    0.00    0.00    0.00    0.00 0 0 0 0 0   -1   -1   -1
 48  2200  C.ar   21.36   16.69   38.03  1.90  -0.03  -0.0266   N    0.00    0.00    0.00    0.00    0.00    0.00 0 0 0 0 0   -1   -1   -1
 49  2202  N.ar   20.05   17.08   37.99  1.87   0.14  -0.3811   P   19.26   16.47   37.93    0.00    0.00    0.00 1 1 0 0 1   -1   -1   48
 50  2203  C.ar   20.02   18.43   38.05  1.90  -0.31   0.2057   N    0.00    0.00    0.00    0.00    0.00    0.00 0 0 0 0 0   -1   -1   -1
 51  2226   C.3   19.79    8.28   35.83  1.94   0.36  -0.0094   N    0.00    0.00    0.00    0.00    0.00    0.00 0 0 0 0 0   -1   -1   -1
 52  2227   C.3   18.97    9.54   36.20  1.94   0.36   0.0187   N    0.00    0.00    0.00    0.00    0.00    0.00 0 0 0 0 0   -1   -1   -1
 53  2228   C.3   17.72    9.76   35.19  1.94   0.36  -0.0479   N    0.00    0.00    0.00    0.00    0.00    0.00 0 0 0 0 0   -1   -1   -1
 54  2229   C.3   18.34    9.77   33.73  1.94  -0.14  -0.0143   N    0.00    0.00    0.00    0.00    0.00    0.00 0 0 0 0 0   -1   -1   -1
 55  2230   N.4   19.14   10.86   33.43  1.86  -2.00  -0.3854   P   19.72   11.65   33.21    0.58   -0.58   -0.58 0 3 0 2 3   -1   -1   -1
 56  2276   C.3   21.66    7.75   32.15  1.94   0.36   0.0560   N    0.00    0.00    0.00    0.00    0.00    0.00 0 0 0 0 0   -1   -1   -1
 57  2277   C.3   21.92    8.84   31.05  1.94  -0.01   0.0136   N    0.00    0.00    0.00    0.00    0.00    0.00 0 0 0 0 0   -1   -1   -1
 58  2278   C.2   20.72    9.49   30.39  1.90  -0.03   0.8054   N    0.00    0.00    0.00    0.00    0.00    0.00 0 0 0 0 0   -1   -1   -1
 59  2279 O.co2   19.89   10.14   31.12  1.66  -0.88  -0.8188   P   19.24   10.65   31.69    0.44    0.86   -0.27 2 0 1 0 2   -1   -1   -1
 60  2280 O.co2   20.51    9.23   29.20  1.66  -0.88  -0.8188   P   20.34    9.02   28.24   -0.44   -0.86    0.27 2 0 2 0 2   -1   -1   -1
 61  2289   C.2   24.62   11.45   32.85  1.90  -0.03   0.5973   N    0.00    0.00    0.00    0.00    0.00    0.00 0 0 0 0 0   -1   -1   -1
 62  2290   O.2   24.34   11.63   31.68  1.66  -0.40  -0.5679   P   24.11   11.78   30.72   -0.92   -0.36    0.16 2 0 1 0 2   -1   -1   -1
 63  2297  N.am   24.36   12.48   33.68  1.83  -0.10  -0.4157   P   24.56   12.35   34.65    0.00    0.00    0.00 0 1 0 0 1   -1   -1   -1
 64  2298   C.3   23.81   13.77   33.28  1.94  -0.31  -0.0249   N    0.00    0.00    0.00    0.00    0.00    0.00 0 0 0 0 0   -1   -1   -1
 65  2299   C.2   24.20   14.91   34.31  1.90  -0.03   0.5973   N    0.00    0.00    0.00    0.00    0.00    0.00 0 0 0 0 0   -1   -1   -1
 66  2300   O.2   24.19   14.68   35.51  1.66  -0.40  -0.5679   P   24.18   14.49   36.49    0.96   -0.29   -0.05 2 0 1 0 2   -1   -1   -1
 67  2301   C.3   22.27   13.73   33.24  1.94  -0.14   0.2117   N    0.00    0.00    0.00    0.00    0.00    0.00 0 0 0 0 0   -1   -1   -1
 68  2302   O.3   21.58   14.91   32.92  1.74  -0.47  -0.6546   P   21.09   15.75   32.69    0.69    0.22   -0.69 2 1 2 1 3   -1   -1   -1
 69  2308  N.am   24.55   16.14   33.85  1.83  -0.10  -0.4157   P   24.70   16.24   32.87    0.00    0.00    0.00 0 1 0 1 1   -1   -1   -1
 70  2309   C.3   24.72   17.32   34.67  1.94  -0.30  -0.0252   N    0.00    0.00    0.00    0.00    0.00    0.00 0 0 0 0 0   -1   -1   -1
 71  2811   C.3   14.51   19.90   38.88  1.94  -0.01  -0.0462   N    0.00    0.00    0.00    0.00    0.00    0.00 0 0 0 0 0   -1   -1   -1
 72  2812  C.ar   13.59   18.75   39.00  1.90  -0.03  -0.0266   N    0.00    0.00    0.00    0.00    0.00    0.00 0 0 0 0 0   -1   -1   -1
 73  2813  C.ar   12.93   18.32   40.13  1.90  -0.31   0.1292   N    0.00    0.00    0.00    0.00    0.00    0.00 0 0 0 0 0   -1   -1   -1
 74  2814  N.ar   13.27   17.88   37.99  1.87   0.14  -0.3811   P   13.50   18.00   37.03    0.00    0.00    0.00 1 1 0 0 1   75   -1   73
 75  2815  C.ar   12.61   16.86   38.49  1.90  -0.31   0.2057   N    0.00    0.00    0.00    0.00    0.00    0.00 0 0 0 0 0   -1   -1   -1
 76  2816  N.ar   12.29   17.20   39.78  1.87   0.14  -0.5727   P   11.67   16.69   40.37    0.00    0.00    0.00 1 1 0 1 1   73   -1   75
 77  2827   C.2   16.24   15.54   41.14  1.90  -0.03   0.5973   N    0.00    0.00    0.00    0.00    0.00    0.00 0 0 0 0 0   -1   -1   -1
 78  2828   O.2   15.78   14.60   41.72  1.66  -0.40  -0.5679   P   15.40   13.81   42.20   -0.92    0.39   -0.09 2 0 1 0 2   -1   -1   -1
 79  2832  N.am   16.39   15.57   39.81  1.83  -0.10  -0.5163   P   16.97   16.26   39.38    0.00    0.00    0.00 0 1 0 0 1   -1   -1   -1
 80  2833   C.3   15.69   14.58   39.00  1.94  -0.31   0.0381   N    0.00    0.00    0.00    0.00    0.00    0.00 0 0 0 0 0   -1   -1   -1
 81  2834   C.2   16.13   13.11   39.12  1.90  -0.03   0.5366   N    0.00    0.00    0.00    0.00    0.00    0.00 0 0 0 0 0   -1   -1   -1
 82  2835   O.2   15.22   12.21   39.08  1.66  -0.40  -0.5819   P   14.51   11.51   39.05    0.16   -0.12   -0.98 2 0 1 0 2   -1   -1   -1
 83  2836   C.3   15.71   15.14   37.56  1.94   0.01  -0.0303   N    0.00    0.00    0.00    0.00    0.00    0.00 0 0 0 0 0   -1   -1   -1
 84  2837   C.2   17.12   15.19   36.93  1.90  -0.03   0.7994   N    0.00    0.00    0.00    0.00    0.00    0.00 0 0 0 0 0   -1   -1   -1
 85  2838 O.co2   18.12   15.04   37.68  1.66  -0.88  -0.8014   P   18.91   14.92   38.28    0.00   -0.98   -0.20 2 0 0 0 2   -1   -1   -1
 86  2839 O.co2   17.32   15.44   35.71  1.66  -0.88  -0.8014   P   17.48   15.64   34.74   -0.00    0.98    0.20 2 0 2 0 2   -1   -1   -1
 87  2844  N.am   17.45   12.88   39.36  1.83  -0.10  -0.4157   P   18.08   13.65   39.24    0.00    0.00    0.00 0 1 0 0 1   -1   -1   -1
 88  2845   C.3   18.03   11.55   39.79  1.94  -0.30  -0.0252   N    0.00    0.00    0.00    0.00    0.00    0.00 0 0 0 0 0   -1   -1   -1
 89  2846   C.2   17.45   11.03   41.16  1.90  -0.03   0.5973   N    0.00    0.00    0.00    0.00    0.00    0.00 0 0 0 0 0   -1   -1   -1
 90  2847   O.2   17.22    9.82   41.24  1.66  -0.40  -0.5679   P   17.03    8.84   41.30    0.84   -0.12    0.53 2 0 1 0 2   -1   -1   -1
 91  2851  N.am   17.01   11.89   42.05  1.83  -0.10  -0.4157   P   17.06   12.86   41.83    0.00    0.00    0.00 0 1 0 1 1   -1   -1   -1
 92  2853   C.2   14.91   11.25   43.28  1.90  -0.03   0.5973   N    0.00    0.00    0.00    0.00    0.00    0.00 0 0 0 0 0   -1   -1   -1
 93  2867  N.am   14.20   12.11   42.56  1.83  -0.10  -0.5163   P   14.64   12.96   42.28    0.00    0.00    0.00 0 1 0 0 1   -1   -1   -1
 94  2868   C.3   12.80   11.89   42.14  1.94  -0.31   0.0397   N    0.00    0.00    0.00    0.00    0.00    0.00 0 0 0 0 0   -1   -1   -1
 95  2869   C.2   12.72   10.54   41.38  1.90  -0.03   0.5366   N    0.00    0.00    0.00    0.00    0.00    0.00 0 0 0 0 0   -1   -1   -1
 96  2870   O.2   12.11    9.58   41.85  1.66  -0.40  -0.5819   P   11.61    8.80   42.23   -0.81    0.26   -0.52 2 0 1 0 2   -1   -1   -1
 97  2871   C.3   12.23   13.04   41.35  1.94   0.36   0.0560   N    0.00    0.00    0.00    0.00    0.00    0.00 0 0 0 0 0   -1   -1   -1
 98  2872   C.3   10.69   12.97   41.13  1.94  -0.01   0.0136   N    0.00    0.00    0.00    0.00    0.00    0.00 0 0 0 0 0   -1   -1   -1
 99  2873   C.2   10.41   14.02   40.01  1.90  -0.03   0.8054   N    0.00    0.00    0.00    0.00    0.00    0.00 0 0 0 0 0   -1   -1   -1
100  2874 O.co2   10.69   15.22   40.14  1.66  -0.88  -0.8188   P   10.92   16.19   40.24    0.97   -0.22   -0.11 2 0 1 0 2   -1   -1   -1
101  2875 O.co2   10.19   13.61   38.82  1.66  -0.88  -0.8188   P   10.02   13.29   37.89   -0.97    0.22    0.11 2 0 2 0 2   -1   -1   -1
102  2882  N.am   13.39   10.35   40.24  1.83  -0.10  -0.5163   P   13.87   11.15   39.87    0.00    0.00    0.00 0 1 0 0 1   -1   -1   -1
103  2883   C.3   13.50    9.12   39.49  1.94  -0.31   0.0397   N    0.00    0.00    0.00    0.00    0.00    0.00 0 0 0 0 0   -1   -1   -1
104  2884   C.2   13.74    7.89   40.38  1.90  -0.03   0.5366   N    0.00    0.00    0.00    0.00    0.00    0.00 0 0 0 0 0   -1   -1   -1
105  2885   O.2   13.27    6.81   40.09  1.66  -0.40  -0.5819   P   12.88    5.92   39.85    0.77   -0.17   -0.61 2 0 2 0 2   -1   -1   -1
106  2886   C.3   14.60    9.27   38.44  1.94   0.36   0.0560   N    0.00    0.00    0.00    0.00    0.00    0.00 0 0 0 0 0   -1   -1   -1
107  2887   C.3   14.89    8.14   37.45  1.94  -0.01   0.0136   N    0.00    0.00    0.00    0.00    0.00    0.00 0 0 0 0 0   -1   -1   -1
108  2888   C.2   14.00    8.20   36.16  1.90  -0.03   0.8054   N    0.00    0.00    0.00    0.00    0.00    0.00 0 0 0 0 0   -1   -1   -1
109  2889 O.co2   12.78    8.64   36.19  1.66  -0.88  -0.8188   P   11.84    8.98   36.21    0.33    0.92   -0.23 2 0 2 0 2   -1   -1   -1
110  2890 O.co2   14.50    7.76   35.10  1.66  -0.88  -0.8188   P   14.90    7.41   34.25   -0.33   -0.92    0.23 2 0 2 0 2   -1   -1   -1
111  2897  N.am   14.55    7.83   41.43  1.83  -0.10  -0.4157   P   15.12    8.62   41.63    0.00    0.00    0.00 0 1 0 0 1   -1   -1   -1
112  2927  N.am   10.07    8.24   43.01  1.83  -0.10  -0.4157   P   10.86    8.34   42.40    0.00    0.00    0.00 0 1 0 0 1   -1   -1   -1
113  2928   C.3    8.76    8.68   42.50  1.94  -0.31  -0.0014   N    0.00    0.00    0.00    0.00    0.00    0.00 0 0 0 0 0   -1   -1   -1
114  2929   C.2    7.50    7.77   42.74  1.90  -0.03   0.5973   N    0.00    0.00    0.00    0.00    0.00    0.00 0 0 0 0 0   -1   -1   -1
115  2931   C.3    8.99    9.06   41.08  1.94  -0.01  -0.0152   N    0.00    0.00    0.00    0.00    0.00    0.00 0 0 0 0 0   -1   -1   -1
116  2932  C.ar    7.97    9.93   40.38  1.85   0.30  -0.0011   N    0.00    0.00    0.00    0.00    0.00    0.00 0 0 0 0 0   -1   -1   -1
117  2933  C.ar    7.40    9.50   39.19  1.85   0.34  -0.1906   N    0.00    0.00    0.00    0.00    0.00    0.00 0 0 0 0 0   -1   -1   -1
118  2934  C.ar    7.84   11.24   40.77  1.85   0.34  -0.1906   N    0.00    0.00    0.00    0.00    0.00    0.00 0 0 0 0 0   -1   -1   -1
119  2935  C.ar    6.49   10.38   38.50  1.85   0.34  -0.2341   N    0.00    0.00    0.00    0.00    0.00    0.00 0 0 0 0 0   -1   -1   -1
120  2936  C.ar    7.16   12.15   39.96  1.85   0.34  -0.2341   N    0.00    0.00    0.00    0.00    0.00    0.00 0 0 0 0 0   -1   -1   -1
121  2937  C.ar    6.37   11.72   38.90  1.85  -0.15   0.3226   N    0.00    0.00    0.00    0.00    0.00    0.00 0 0 0 0 0   -1   -1   -1
122  2938   O.3    5.63   12.67   38.21  1.74   0.08  -0.5579   P    5.10   13.35   37.71    0.71    0.04   -0.71 2 1 2 1 3   -1   -1   -1
123  3194   O.2   15.76   23.95   32.29  1.66  -0.40  -0.5679   P   15.01   23.29   32.27    0.10   -0.08   -0.99 2 0 2 0 2   -1   -1   -1
124  3212  N.am   17.93   24.34   32.48  1.83  -0.10  -0.4157   P   18.66   25.02   32.39    0.00    0.00    0.00 0 1 0 1 1   -1   -1   -1
125  3213   C.3   18.32   22.93   32.79  1.94  -0.31  -0.0024   N    0.00    0.00    0.00    0.00    0.00    0.00 0 0 0 0 0   -1   -1   -1
126  3214   C.2   17.74   22.39   34.08  1.90  -0.03   0.5973   N    0.00    0.00    0.00    0.00    0.00    0.00 0 0 0 0 0   -1   -1   -1
127  3215   O.2   17.79   23.14   35.05  1.66  -0.40  -0.5679   P   17.83   23.75   35.84   -0.95    0.26   -0.15 2 0 2 0 2   -1   -1   -1
128  3216   C.3   19.84   22.66   32.67  1.94  -0.01  -0.0343   N    0.00    0.00    0.00    0.00    0.00    0.00 0 0 0 0 0   -1   -1   -1
129  3217  C.ar   20.52   21.24   32.95  1.85   0.30   0.0118   N    0.00    0.00    0.00    0.00    0.00    0.00 0 0 0 0 0   -1   -1   -1
130  3218  C.ar   20.97   20.47   31.79  1.85   0.34  -0.1256   N    0.00    0.00    0.00    0.00    0.00    0.00 0 0 0 0 0   -1   -1   -1
131  3219  C.ar   20.65   20.65   34.22  1.85   0.34  -0.1256   N    0.00    0.00    0.00    0.00    0.00    0.00 0 0 0 0 0   -1   -1   -1
132  3220  C.ar   21.45   19.22   31.89  1.85   0.34  -0.1704   N    0.00    0.00    0.00    0.00    0.00    0.00 0 0 0 0 0   -1   -1   -1
133  3221  C.ar   21.12   19.35   34.32  1.85   0.34  -0.1704   N    0.00    0.00    0.00    0.00    0.00    0.00 0 0 0 0 0   -1   -1   -1
134  3222  C.ar   21.45   18.59   33.17  1.85   0.34  -0.1072   N    0.00    0.00    0.00    0.00    0.00    0.00 0 0 0 0 0   -1   -1   -1
135  3232  N.am   17.37   21.09   34.21  1.83   0.08  -0.2548   N    0.00    0.00    0.00    0.00    0.00    0.00 0 0 0 0 0   -1   -1   -1
136  3233   C.3   17.31   20.03   33.07  1.94  -0.31  -0.0266   N    0.00    0.00    0.00    0.00    0.00    0.00 0 0 0 0 0   -1   -1   -1
137  3234   C.2   16.02   20.17   32.23  1.90  -0.03   0.5896   N    0.00    0.00    0.00    0.00    0.00    0.00 0 0 0 0 0   -1   -1   -1
138  3235   O.2   15.96   19.50   31.19  1.66  -0.40  -0.5748   P   15.91   18.96   30.35   -0.41   -0.76    0.51 2 0 2 0 2   -1   -1   -1
139  3236   C.3   17.20   18.76   33.84  1.94   0.36  -0.0070   N    0.00    0.00    0.00    0.00    0.00    0.00 0 0 0 0 0   -1   -1   -1
140  3237   C.3   16.55   19.08   35.16  1.94   0.36   0.0189   N    0.00    0.00    0.00    0.00    0.00    0.00 0 0 0 0 0   -1   -1   -1
141  3238   C.3   17.11   20.43   35.51  1.94  -0.14   0.0192   N    0.00    0.00    0.00    0.00    0.00    0.00 0 0 0 0 0   -1   -1   -1
142  3246  N.am   15.02   20.97   32.61  1.83  -0.10  -0.4157   P   15.15   21.57   33.40    0.00    0.00    0.00 0 1 0 1 1   -1   -1   -1
143  3247   C.3   13.75   20.99   31.92  1.94  -0.30  -0.0252   N    0.00    0.00    0.00    0.00    0.00    0.00 0 0 0 0 0   -1   -1   -1
144  3248   C.2   12.57   20.18   32.50  1.90  -0.03   0.5973   N    0.00    0.00    0.00    0.00    0.00    0.00 0 0 0 0 0   -1   -1   -1
145  3249   O.2   11.52   20.07   31.89  1.66  -0.40  -0.5679   P   10.66   19.98   31.39    0.32   -0.86   -0.39 2 0 2 0 2   -1   -1   -1
146  3253  N.am   12.64   19.63   33.77  1.83  -0.10  -0.4157   P   13.50   19.80   34.25    0.00    0.00    0.00 0 1 0 1 1   -1   -1   -1
147  3254   C.3   11.64   18.82   34.55  1.94  -0.31  -0.0389   N    0.00    0.00    0.00    0.00    0.00    0.00 0 0 0 0 0   -1   -1   -1
148  3255   C.2   11.38   19.39   35.93  1.90  -0.03   0.5973   N    0.00    0.00    0.00    0.00    0.00    0.00 0 0 0 0 0   -1   -1   -1
149  3256   O.2   12.07   20.29   36.38  1.66  -0.40  -0.5679   P   12.64   21.03   36.75   -0.62    0.68   -0.40 2 0 2 0 2   -1   -1   -1
150  3257   C.3   12.16   17.32   34.64  1.94  -0.20   0.3654   N    0.00    0.00    0.00    0.00    0.00    0.00 0 0 0 0 0   -1   -1   -1
151  3258   C.3   12.23   16.66   33.27  1.94   0.53  -0.2438   N    0.00    0.00    0.00    0.00    0.00    0.00 0 0 0 0 0   -1   -1   -1
152  3259   O.3   13.45   17.46   35.15  1.74  -0.47  -0.6761   P   14.38   17.56   35.52    0.17   -0.97   -0.17 2 1 2 0 3   -1   -1   -1
153  3267  N.am   10.36   18.87   36.65  1.83  -0.10  -0.4157   P    9.80   18.16   36.22    0.00    0.00    0.00 0 1 0 0 1   -1   -1   -1
154  3268   C.3   10.03   19.28   38.02  1.94  -0.30  -0.0252   N    0.00    0.00    0.00    0.00    0.00    0.00 0 0 0 0 0   -1   -1   -1
155  3269   C.2    8.98   20.34   38.01  1.90  -0.03   0.5973   N    0.00    0.00    0.00    0.00    0.00    0.00 0 0 0 0 0   -1   -1   -1
156  3274  N.am    8.06   20.36   37.07  1.83  -0.10  -0.5163   P    8.24   19.82   36.25    0.00    0.00    0.00 0 1 0 1 1   -1   -1   -1
157  3320   C.3    5.15   15.79   39.08  1.94  -0.31   0.0381   N    0.00    0.00    0.00    0.00    0.00    0.00 0 0 0 0 0   -1   -1   -1
158  3323   C.3    6.59   15.99   38.51  1.94   0.01  -0.0303   N    0.00    0.00    0.00    0.00    0.00    0.00 0 0 0 0 0   -1   -1   -1
159  3324   C.2    6.58   16.27   37.01  1.90  -0.03   0.7994   N    0.00    0.00    0.00    0.00    0.00    0.00 0 0 0 0 0   -1   -1   -1
160  3325 O.co2    5.77   15.86   36.19  1.66  -0.88  -0.8014   P    5.11   15.52   35.52   -0.44    0.90   -0.02 2 0 2 0 2   -1   -1   -1
161  3326 O.co2    7.66   16.79   36.64  1.66  -0.88  -0.8014   P    8.52   17.20   36.35    0.44   -0.90    0.02 2 0 1 0 2   -1   -1   -1
162  3505  N.am    9.03   17.04   41.27  1.83  -0.65  -0.9196   P    8.65   16.18   40.94    0.28    0.24   -0.93 0 2 0 0 2   -1   -1   -1
<End>
