#
# This file is create by LigBuilder/Cavity.
# It stores the parameters for the pocket atoms.
# Creation time: Tue Apr  7 19:56:22 2026
#
# 1st column: ID of the atom
# 2nd column: ID of the atom in the original PDB file
# 3rd column: atom type
# 4th column: X coordinate
# 5th column: Y coordinate
# 6th column: Z coordinate
# 7th column: vdw radius
# 8th column: atomic hydrophobic scale
# 9th column: H-bond character
# 10th column: H-bond root X coordinate
# 11th column: H-bond root Y coordinate
# 12th column: H-bond root Z coordinate
#
<Start>
<Atom_number> 79
  1   255   C.3   40.14   17.30   44.98  1.94  -0.30  -0.0252   N    0.00    0.00    0.00    0.00    0.00    0.00 0 0 0 0 0   -1   -1   -1
  2   256   C.2   41.19   17.35   43.84  1.90  -0.03   0.5973   N    0.00    0.00    0.00    0.00    0.00    0.00 0 0 0 0 0   -1   -1   -1
  3   257   O.2   41.23   18.43   43.30  1.66  -0.40  -0.5679   P   41.26   19.32   42.85    0.69    0.30    0.66 2 0 2 0 2   -1   -1   -1
  4   261  N.am   41.90   16.33   43.56  1.83  -0.10  -0.4157   P   41.70   15.44   43.98    0.00    0.00    0.00 0 1 0 0 1   -1   -1   -1
  5   262   C.3   43.05   16.49   42.58  1.94  -0.31  -0.0249   N    0.00    0.00    0.00    0.00    0.00    0.00 0 0 0 0 0   -1   -1   -1
  6   263   C.2   42.67   16.10   41.16  1.90  -0.03   0.5973   N    0.00    0.00    0.00    0.00    0.00    0.00 0 0 0 0 0   -1   -1   -1
  7   264   O.2   43.29   16.68   40.27  1.66  -0.40  -0.5679   P   43.79   17.15   39.55    0.65   -0.76   -0.04 2 0 2 0 2   -1   -1   -1
  8   265   C.3   44.29   15.84   43.15  1.94  -0.14   0.2117   N    0.00    0.00    0.00    0.00    0.00    0.00 0 0 0 0 0   -1   -1   -1
  9   266   O.3   44.20   14.47   43.00  1.74  -0.47  -0.6546   P   44.13   13.48   42.89   -0.71   -0.03    0.71 2 1 2 0 3   -1   -1   -1
 10   272  N.am   41.64   15.24   40.88  1.83  -0.10  -0.4157   P   41.22   14.74   41.63    0.00    0.00    0.00 0 1 0 1 1   -1   -1   -1
 11   273   C.3   41.12   15.02   39.48  1.94  -0.31  -0.0014   N    0.00    0.00    0.00    0.00    0.00    0.00 0 0 0 0 0   -1   -1   -1
 12   274   C.2   40.55   16.26   38.77  1.90  -0.03   0.5973   N    0.00    0.00    0.00    0.00    0.00    0.00 0 0 0 0 0   -1   -1   -1
 13   275   O.2   40.10   17.21   39.45  1.66  -0.40  -0.5679   P   39.74   17.97   39.99    0.87    0.49   -0.11 2 0 2 0 2   -1   -1   -1
 14   276   C.3   40.09   13.94   39.60  1.94  -0.01  -0.0152   N    0.00    0.00    0.00    0.00    0.00    0.00 0 0 0 0 0   -1   -1   -1
 15   293  N.am   40.37   16.28   37.45  1.83  -0.10  -0.4157   P   40.77   15.56   36.89    0.00    0.00    0.00 0 1 0 1 1   -1   -1   -1
 16   294   C.3   39.59   17.36   36.81  1.94  -0.31  -0.0014   N    0.00    0.00    0.00    0.00    0.00    0.00 0 0 0 0 0   -1   -1   -1
 17   295   C.2   38.98   16.81   35.51  1.90  -0.03   0.5973   N    0.00    0.00    0.00    0.00    0.00    0.00 0 0 0 0 0   -1   -1   -1
 18   296   O.2   39.61   16.00   34.84  1.66  -0.40  -0.5679   P   40.12   15.34   34.29   -0.51   -0.75    0.42 2 0 2 0 2   -1   -1   -1
 19   297   C.3   40.53   18.55   36.57  1.94  -0.01  -0.0152   N    0.00    0.00    0.00    0.00    0.00    0.00 0 0 0 0 0   -1   -1   -1
 20   298  C.ar   39.82   19.62   35.80  1.85   0.30  -0.0011   N    0.00    0.00    0.00    0.00    0.00    0.00 0 0 0 0 0   -1   -1   -1
 21   299  C.ar   38.69   20.26   36.29  1.85   0.34  -0.1906   N    0.00    0.00    0.00    0.00    0.00    0.00 0 0 0 0 0   -1   -1   -1
 22   300  C.ar   40.29   20.00   34.61  1.85   0.34  -0.1906   N    0.00    0.00    0.00    0.00    0.00    0.00 0 0 0 0 0   -1   -1   -1
 23   301  C.ar   38.02   21.29   35.55  1.85   0.34  -0.2341   N    0.00    0.00    0.00    0.00    0.00    0.00 0 0 0 0 0   -1   -1   -1
 24   302  C.ar   39.68   21.06   33.90  1.85   0.34  -0.2341   N    0.00    0.00    0.00    0.00    0.00    0.00 0 0 0 0 0   -1   -1   -1
 25   303  C.ar   38.45   21.60   34.24  1.85  -0.15   0.3226   N    0.00    0.00    0.00    0.00    0.00    0.00 0 0 0 0 0   -1   -1   -1
 26   304   O.3   37.88   22.51   33.39  1.74   0.08  -0.5579   P   37.46   23.17   32.77    0.69   -0.21   -0.69 2 1 2 0 3   -1   -1   -1
 27   314  N.am   37.83   17.35   35.07  1.83  -0.10  -0.4157   P   37.48   18.15   35.56    0.00    0.00    0.00 0 1 0 1 1   -1   -1   -1
 28   335  N.am   38.68   18.23   32.46  1.83  -0.10  -0.4157   P   38.82   18.86   33.23    0.00    0.00    0.00 0 1 0 1 1   -1   -1   -1
 29   352  N.am   38.35   22.57   29.81  1.83  -0.10  -0.4157   P   38.71   22.10   30.62    0.00    0.00    0.00 0 1 0 1 1   -1   -1   -1
 30   353   C.3   37.43   23.67   30.06  1.94  -0.30  -0.0252   N    0.00    0.00    0.00    0.00    0.00    0.00 0 0 0 0 0   -1   -1   -1
 31   354   C.2   36.08   23.34   30.68  1.90  -0.03   0.5973   N    0.00    0.00    0.00    0.00    0.00    0.00 0 0 0 0 0   -1   -1   -1
 32   355   O.2   35.26   24.26   30.69  1.66  -0.40  -0.5679   P   34.59   25.01   30.70   -0.26   -0.22   -0.94 2 0 2 0 2   -1   -1   -1
 33   359  N.am   35.82   22.10   31.05  1.83  -0.10  -0.4157   P   36.54   21.42   30.89    0.00    0.00    0.00 0 1 0 0 1   -1   -1   -1
 34   361   C.2   34.25   22.35   32.96  1.90  -0.03   0.5973   N    0.00    0.00    0.00    0.00    0.00    0.00 0 0 0 0 0   -1   -1   -1
 35   362   O.2   35.18   22.61   33.70  1.66  -0.40  -0.5679   P   35.94   22.82   34.31    0.17    0.84   -0.51 2 0 1 0 2   -1   -1   -1
 36   392   C.2   34.54   20.96   37.80  1.90  -0.03   0.5973   N    0.00    0.00    0.00    0.00    0.00    0.00 0 0 0 0 0   -1   -1   -1
 37   393   O.2   35.34   20.26   37.24  1.66  -0.40  -0.5679   P   36.01   19.68   36.77    0.09    0.68   -0.72 2 0 2 0 2   -1   -1   -1
 38   407  N.am   34.98   21.86   38.71  1.83  -0.10  -0.3479   P   34.34   22.58   38.99    0.00    0.00    0.00 0 1 0 1 1   -1   -1   -1
 39   408   C.3   36.30   21.87   39.31  1.94  -0.31  -0.2400   N    0.00    0.00    0.00    0.00    0.00    0.00 0 0 0 0 0   -1   -1   -1
 40   409   C.2   36.32   21.19   40.66  1.90  -0.03   0.7341   N    0.00    0.00    0.00    0.00    0.00    0.00 0 0 0 0 0   -1   -1   -1
 41   410   O.2   36.05   21.82   41.64  1.66  -0.40  -0.5894   P   35.82   22.35   42.46   -0.93   -0.36   -0.02 2 0 1 0 2   -1   -1   -1
 42   411   C.3   36.71   23.31   39.44  1.94   0.36  -0.0094   N    0.00    0.00    0.00    0.00    0.00    0.00 0 0 0 0 0   -1   -1   -1
 43   412   C.3   37.53   23.98   38.25  1.94   0.36   0.0187   N    0.00    0.00    0.00    0.00    0.00    0.00 0 0 0 0 0   -1   -1   -1
 44   413   C.3   37.98   25.41   38.57  1.94   0.36  -0.0479   N    0.00    0.00    0.00    0.00    0.00    0.00 0 0 0 0 0   -1   -1   -1
 45   414   C.3   38.57   26.24   37.33  1.94  -0.14  -0.0143   N    0.00    0.00    0.00    0.00    0.00    0.00 0 0 0 0 0   -1   -1   -1
 46   415   N.4   37.47   26.77   36.46  1.86  -2.00  -0.3854   P   36.74   27.12   35.88    0.68    0.29   -0.68 0 3 0 3 3   -1   -1   -1
 47   429  N.am   36.80   19.95   40.85  1.83   0.08  -0.2548   N    0.00    0.00    0.00    0.00    0.00    0.00 0 0 0 0 0   -1   -1   -1
 48   430   C.3   36.84   19.37   42.22  1.94  -0.31  -0.0266   N    0.00    0.00    0.00    0.00    0.00    0.00 0 0 0 0 0   -1   -1   -1
 49   431   C.2   37.77   20.10   43.21  1.90  -0.03   0.5896   N    0.00    0.00    0.00    0.00    0.00    0.00 0 0 0 0 0   -1   -1   -1
 50   432   O.2   37.56   19.97   44.44  1.66  -0.40  -0.5748   P   37.39   19.87   45.42    0.68   -0.74    0.04 2 0 1 0 2   -1   -1   -1
 51   433   C.3   37.23   17.85   42.05  1.94   0.36  -0.0070   N    0.00    0.00    0.00    0.00    0.00    0.00 0 0 0 0 0   -1   -1   -1
 52   434   C.3   36.76   17.61   40.63  1.94   0.36   0.0189   N    0.00    0.00    0.00    0.00    0.00    0.00 0 0 0 0 0   -1   -1   -1
 53   435   C.3   37.00   18.95   39.89  1.94  -0.14   0.0192   N    0.00    0.00    0.00    0.00    0.00    0.00 0 0 0 0 0   -1   -1   -1
 54   443  N.am   38.67   20.90   42.68  1.83  -0.10  -0.4157   P   38.86   20.82   41.70    0.00    0.00    0.00 0 1 0 1 1   -1   -1   -1
 55   444   C.3   39.41   21.89   43.45  1.94  -0.31  -0.0031   N    0.00    0.00    0.00    0.00    0.00    0.00 0 0 0 0 0   -1   -1   -1
 56   445   C.2   38.48   22.68   44.43  1.90  -0.03   0.5973   N    0.00    0.00    0.00    0.00    0.00    0.00 0 0 0 0 0   -1   -1   -1
 57   446   O.2   38.99   22.96   45.54  1.66  -0.40  -0.5679   P   39.40   23.18   46.43    0.23    0.91   -0.34 2 0 1 0 2   -1   -1   -1
 58   447   C.3   40.05   22.88   42.42  1.94   0.36  -0.0036   N    0.00    0.00    0.00    0.00    0.00    0.00 0 0 0 0 0   -1   -1   -1
 59   448   C.3   40.83   24.10   42.84  1.94  -0.01  -0.0645   N    0.00    0.00    0.00    0.00    0.00    0.00 0 0 0 0 0   -1   -1   -1
 60   449   C.2   42.20   23.79   43.28  1.90  -0.03   0.6951   N    0.00    0.00    0.00    0.00    0.00    0.00 0 0 0 0 0   -1   -1   -1
 61   450  N.am   43.24   24.48   42.89  1.83  -0.65  -0.9407   P   44.04   25.01   42.59    0.04    0.44    0.90 0 2 0 1 2   -1   -1   -1
 62   451   O.2   42.50   22.71   43.80  1.66  -0.40  -0.6086   P   42.74   21.84   44.22   -0.04   -0.44   -0.90 2 0 0 0 2   -1   -1   -1
 63   460  N.am   37.18   22.92   44.19  1.83  -0.10  -0.3479   P   36.82   22.68   43.29    0.00    0.00    0.00 0 1 0 0 1   -1   -1   -1
 64   508   C.3   41.44   20.45   46.96  1.94   0.36   0.0390   N    0.00    0.00    0.00    0.00    0.00    0.00 0 0 0 0 0   -1   -1   -1
 65   509   C.3   42.62   19.69   46.33  1.94  -0.14   0.0486   N    0.00    0.00    0.00    0.00    0.00    0.00 0 0 0 0 0   -1   -1   -1
 66   510 N.pl3   43.03   20.28   45.04  1.83  -0.10  -0.5295   P   42.45   21.02   44.70    0.00    0.00    0.00 0 1 0 0 1   -1   -1   -1
 67   511 C.cat   44.08   19.95   44.27  1.90   0.00   0.8076   N    0.00    0.00    0.00    0.00    0.00    0.00 0 0 0 0 0   -1   -1   -1
 68   512 N.pl3   44.72   18.83   44.52  1.83  -0.65  -0.8627   P   45.21   17.98   44.71   -0.61   -0.49   -0.62 0 2 0 2 2   -1   -1   -1
 69   513 N.pl3   44.44   20.70   43.32  1.83  -0.65  -0.8627   P   44.73   21.29   42.57    0.61    0.49    0.62 0 2 0 1 2   -1   -1   -1
 70  4725   C.3   36.95   28.11   42.19  1.94   0.36  -0.0430   N    0.00    0.00    0.00    0.00    0.00    0.00 0 0 0 0 0   -1   -1   -1
 71  4727   C.3   38.17   27.22   41.94  1.94   0.53  -0.0660   N    0.00    0.00    0.00    0.00    0.00    0.00 0 0 0 0 0   -1   -1   -1
 72  5209  C.ar   43.60   24.54   46.56  1.85   0.34  -0.2341   N    0.00    0.00    0.00    0.00    0.00    0.00 0 0 0 0 0   -1   -1   -1
 73  5260  C.ar   41.73   30.00   43.81  1.85   0.30  -0.0011   N    0.00    0.00    0.00    0.00    0.00    0.00 0 0 0 0 0   -1   -1   -1
 74  5261  C.ar   42.85   29.23   44.25  1.85   0.34  -0.1906   N    0.00    0.00    0.00    0.00    0.00    0.00 0 0 0 0 0   -1   -1   -1
 75  5262  C.ar   41.27   29.88   42.49  1.85   0.34  -0.1906   N    0.00    0.00    0.00    0.00    0.00    0.00 0 0 0 0 0   -1   -1   -1
 76  5263  C.ar   43.42   28.25   43.39  1.85   0.34  -0.2341   N    0.00    0.00    0.00    0.00    0.00    0.00 0 0 0 0 0   -1   -1   -1
 77  5264  C.ar   41.93   29.01   41.62  1.85   0.34  -0.2341   N    0.00    0.00    0.00    0.00    0.00    0.00 0 0 0 0 0   -1   -1   -1
 78  5265  C.ar   42.87   28.12   42.14  1.85  -0.15   0.3226   N    0.00    0.00    0.00    0.00    0.00    0.00 0 0 0 0 0   -1   -1   -1
 79  5266   O.3   43.39   27.15   41.34  1.74   0.08  -0.5579   P   43.77   26.44   40.75   -0.51   -0.69    0.51 2 1 1 1 3   -1   -1   -1
<End>
