#
# This file is create by LigBuilder/Cavity.
# It stores the parameters for the pocket atoms.
# Creation time: Tue Apr  7 19:56:19 2026
#
# 1st column: ID of the atom
# 2nd column: ID of the atom in the original PDB file
# 3rd column: atom type
# 4th column: X coordinate
# 5th column: Y coordinate
# 6th column: Z coordinate
# 7th column: vdw radius
# 8th column: atomic hydrophobic scale
# 9th column: H-bond character
# 10th column: H-bond root X coordinate
# 11th column: H-bond root Y coordinate
# 12th column: H-bond root Z coordinate
#
<Start>
<Atom_number> 106
  1   362   O.2   35.18   22.61   33.70  1.66  -0.40  -0.5679   P   35.94   22.82   34.31    0.17    0.84   -0.51 2 0 1 0 2   -1   -1   -1
  2   377   C.3   32.80   23.66   34.48  1.94  -0.31  -0.0266   N    0.00    0.00    0.00    0.00    0.00    0.00 0 0 0 0 0   -1   -1   -1
  3   378   C.2   32.77   22.95   35.79  1.90  -0.03   0.5896   N    0.00    0.00    0.00    0.00    0.00    0.00 0 0 0 0 0   -1   -1   -1
  4   379   O.2   32.49   23.67   36.76  1.66  -0.40  -0.5748   P   32.26   24.25   37.54   -0.96   -0.25   -0.09 2 0 2 0 2   -1   -1   -1
  5   380   C.3   31.50   24.39   34.17  1.94   0.36  -0.0070   N    0.00    0.00    0.00    0.00    0.00    0.00 0 0 0 0 0   -1   -1   -1
  6   411   C.3   36.71   23.31   39.44  1.94   0.36  -0.0094   N    0.00    0.00    0.00    0.00    0.00    0.00 0 0 0 0 0   -1   -1   -1
  7   412   C.3   37.53   23.98   38.25  1.94   0.36   0.0187   N    0.00    0.00    0.00    0.00    0.00    0.00 0 0 0 0 0   -1   -1   -1
  8   413   C.3   37.98   25.41   38.57  1.94   0.36  -0.0479   N    0.00    0.00    0.00    0.00    0.00    0.00 0 0 0 0 0   -1   -1   -1
  9   414   C.3   38.57   26.24   37.33  1.94  -0.14  -0.0143   N    0.00    0.00    0.00    0.00    0.00    0.00 0 0 0 0 0   -1   -1   -1
 10   415   N.4   37.47   26.77   36.46  1.86  -2.00  -0.3854   P   36.74   27.12   35.88    0.68    0.29   -0.68 0 3 0 3 3   -1   -1   -1
 11   448   C.3   40.83   24.10   42.84  1.94  -0.01  -0.0645   N    0.00    0.00    0.00    0.00    0.00    0.00 0 0 0 0 0   -1   -1   -1
 12   533   S.3   37.86   26.91   46.05  2.09   0.25  -0.2737   N    0.00    0.00    0.00    0.00    0.00    0.00 0 0 0 0 0   -1   -1   -1
 13   534   C.3   39.07   28.24   46.12  1.94   0.53  -0.0536   N    0.00    0.00    0.00    0.00    0.00    0.00 0 0 0 0 0   -1   -1   -1
 14  4148   C.2   26.26   34.69   39.94  1.90  -0.03   0.5973   N    0.00    0.00    0.00    0.00    0.00    0.00 0 0 0 0 0   -1   -1   -1
 15  4149   O.2   27.29   34.99   39.28  1.66  -0.40  -0.5679   P   28.11   35.23   38.76    0.51    0.13    0.85 2 0 2 0 2   -1   -1   -1
 16  4154   C.3   26.86   32.40   39.76  1.94  -0.31   0.0381   N    0.00    0.00    0.00    0.00    0.00    0.00 0 0 0 0 0   -1   -1   -1
 17  4155   C.2   26.74   32.22   38.25  1.90  -0.03   0.5366   N    0.00    0.00    0.00    0.00    0.00    0.00 0 0 0 0 0   -1   -1   -1
 18  4156   O.2   25.70   32.56   37.67  1.66  -0.40  -0.5819   P   24.86   32.83   37.20    0.37    0.92   -0.12 2 0 2 0 2   -1   -1   -1
 19  4158   C.2   27.89   30.11   40.45  1.90  -0.03   0.7994   N    0.00    0.00    0.00    0.00    0.00    0.00 0 0 0 0 0   -1   -1   -1
 20  4159 O.co2   28.81   30.47   39.66  1.66  -0.88  -0.8014   P   29.54   30.75   39.04    0.38    0.59    0.71 2 0 0 0 2   -1   -1   -1
 21  4160 O.co2   28.02   29.13   41.19  1.66  -0.88  -0.8014   P   28.13   28.34   41.79   -0.38   -0.59   -0.71 2 0 1 0 2   -1   -1   -1
 22  4165  N.am   27.75   31.72   37.53  1.83  -0.10  -0.3479   P   28.45   31.21   38.02    0.00    0.00    0.00 0 1 0 0 1   -1   -1   -1
 23  4166   C.3   27.91   31.86   36.11  1.94  -0.31  -0.2637   N    0.00    0.00    0.00    0.00    0.00    0.00 0 0 0 0 0   -1   -1   -1
 24  4167   C.2   26.67   31.37   35.28  1.90  -0.03   0.7341   N    0.00    0.00    0.00    0.00    0.00    0.00 0 0 0 0 0   -1   -1   -1
 25  4168   O.2   26.25   32.16   34.40  1.66  -0.40  -0.5894   P   25.92   32.79   33.70    0.53   -0.49   -0.69 2 0 2 0 2   -1   -1   -1
 26  4169   C.3   29.31   31.40   35.77  1.94   0.36  -0.0007   N    0.00    0.00    0.00    0.00    0.00    0.00 0 0 0 0 0   -1   -1   -1
 27  4170   C.3   29.79   31.73   34.32  1.94   0.36   0.0390   N    0.00    0.00    0.00    0.00    0.00    0.00 0 0 0 0 0   -1   -1   -1
 28  4171   C.3   30.17   30.53   33.43  1.94  -0.14   0.0486   N    0.00    0.00    0.00    0.00    0.00    0.00 0 0 0 0 0   -1   -1   -1
 29  4172 N.pl3   31.40   29.77   33.90  1.83  -0.10  -0.5295   P   31.75   30.04   34.80    0.00    0.00    0.00 0 1 0 1 1   -1   -1   -1
 30  4173 C.cat   32.06   28.82   33.30  1.90   0.00   0.8076   N    0.00    0.00    0.00    0.00    0.00    0.00 0 0 0 0 0   -1   -1   -1
 31  4174 N.pl3   31.53   28.14   32.34  1.83  -0.65  -0.8627   P   31.12   27.61   31.60    0.57    0.49   -0.66 0 2 0 2 2   -1   -1   -1
 32  4175 N.pl3   33.16   28.29   33.85  1.83  -0.65  -0.8627   P   33.98   27.89   34.26   -0.57   -0.49    0.66 0 2 0 2 2   -1   -1   -1
 33  4189  N.am   26.09   30.18   35.68  1.83  -0.10  -0.4157   P   26.53   29.65   36.41    0.00    0.00    0.00 0 1 0 1 1   -1   -1   -1
 34  4685  N.am   29.80   26.95   39.95  1.83  -0.10  -0.4157   P   28.93   27.44   40.00    0.00    0.00    0.00 0 1 0 0 1   -1   -1   -1
 35  4686   C.3   30.78   27.36   38.96  1.94  -0.31  -0.0014   N    0.00    0.00    0.00    0.00    0.00    0.00 0 0 0 0 0   -1   -1   -1
 36  4687   C.2   31.85   28.37   39.53  1.90  -0.03   0.5973   N    0.00    0.00    0.00    0.00    0.00    0.00 0 0 0 0 0   -1   -1   -1
 37  4688   O.2   32.99   28.19   39.23  1.66  -0.40  -0.5679   P   33.95   28.04   38.98   -0.10    0.63   -0.77 2 0 2 0 2   -1   -1   -1
 38  4689   C.3   30.09   27.84   37.75  1.94  -0.01  -0.0152   N    0.00    0.00    0.00    0.00    0.00    0.00 0 0 0 0 0   -1   -1   -1
 39  4690  C.ar   28.73   27.07   37.30  1.85   0.30  -0.0011   N    0.00    0.00    0.00    0.00    0.00    0.00 0 0 0 0 0   -1   -1   -1
 40  4691  C.ar   28.69   25.92   36.48  1.85   0.34  -0.1906   N    0.00    0.00    0.00    0.00    0.00    0.00 0 0 0 0 0   -1   -1   -1
 41  4692  C.ar   27.49   27.62   37.73  1.85   0.34  -0.1906   N    0.00    0.00    0.00    0.00    0.00    0.00 0 0 0 0 0   -1   -1   -1
 42  4706  N.am   31.38   29.30   40.36  1.83  -0.10  -0.4157   P   30.42   29.30   40.64    0.00    0.00    0.00 0 1 0 1 1   -1   -1   -1
 43  4707   C.3   32.30   30.31   40.84  1.94  -0.31  -0.0389   N    0.00    0.00    0.00    0.00    0.00    0.00 0 0 0 0 0   -1   -1   -1
 44  4708   C.2   32.98   29.84   42.18  1.90  -0.03   0.5973   N    0.00    0.00    0.00    0.00    0.00    0.00 0 0 0 0 0   -1   -1   -1
 45  4709   O.2   32.57   30.24   43.27  1.66  -0.40  -0.5679   P   32.24   30.56   44.16   -0.61   -0.79    0.06 2 0 1 0 2   -1   -1   -1
 46  4710   C.3   31.58   31.69   41.02  1.94  -0.20   0.3654   N    0.00    0.00    0.00    0.00    0.00    0.00 0 0 0 0 0   -1   -1   -1
 47  4711   C.3   32.63   32.71   41.32  1.94   0.53  -0.2438   N    0.00    0.00    0.00    0.00    0.00    0.00 0 0 0 0 0   -1   -1   -1
 48  4712   O.3   30.99   32.08   39.81  1.74  -0.47  -0.6761   P   30.57   32.36   38.95    0.47   -0.75   -0.47 2 1 2 0 3   -1   -1   -1
 49  4720  N.am   34.01   29.03   42.09  1.83  -0.10  -0.4157   P   34.37   28.84   41.18    0.00    0.00    0.00 0 1 0 1 1   -1   -1   -1
 50  4721   C.3   34.69   28.37   43.26  1.94  -0.31  -0.0597   N    0.00    0.00    0.00    0.00    0.00    0.00 0 0 0 0 0   -1   -1   -1
 51  4722   C.2   35.00   29.17   44.48  1.90  -0.03   0.5973   N    0.00    0.00    0.00    0.00    0.00    0.00 0 0 0 0 0   -1   -1   -1
 52  4723   O.2   34.84   28.68   45.58  1.66  -0.40  -0.5679   P   34.71   28.28   46.49    0.95   -0.32   -0.01 2 0 0 0 2   -1   -1   -1
 53  4724   C.3   35.74   27.38   42.83  1.94   0.13   0.1303   N    0.00    0.00    0.00    0.00    0.00    0.00 0 0 0 0 0   -1   -1   -1
 54  4725   C.3   36.95   28.11   42.19  1.94   0.36  -0.0430   N    0.00    0.00    0.00    0.00    0.00    0.00 0 0 0 0 0   -1   -1   -1
 55  4726   C.3   35.21   26.36   41.80  1.94   0.53  -0.3204   N    0.00    0.00    0.00    0.00    0.00    0.00 0 0 0 0 0   -1   -1   -1
 56  4727   C.3   38.17   27.22   41.94  1.94   0.53  -0.0660   N    0.00    0.00    0.00    0.00    0.00    0.00 0 0 0 0 0   -1   -1   -1
 57  4739  N.am   35.42   30.40   44.45  1.83  -0.10  -0.3479   P   35.70   30.78   43.56    0.00    0.00    0.00 0 1 0 1 1   -1   -1   -1
 58  4740   C.3   35.52   31.29   45.64  1.94  -0.31  -0.2637   N    0.00    0.00    0.00    0.00    0.00    0.00 0 0 0 0 0   -1   -1   -1
 59  4741   C.2   34.23   31.41   46.42  1.90  -0.03   0.7341   N    0.00    0.00    0.00    0.00    0.00    0.00 0 0 0 0 0   -1   -1   -1
 60  4742   O.2   34.29   31.26   47.65  1.66  -0.40  -0.5894   P   34.34   31.14   48.64    0.18    0.98    0.11 2 0 1 0 2   -1   -1   -1
 61  4743   C.3   36.16   32.62   45.20  1.94   0.36  -0.0007   N    0.00    0.00    0.00    0.00    0.00    0.00 0 0 0 0 0   -1   -1   -1
 62  4744   C.3   35.21   33.71   44.65  1.94   0.36   0.0390   N    0.00    0.00    0.00    0.00    0.00    0.00 0 0 0 0 0   -1   -1   -1
 63  4745   C.3   36.05   34.66   43.72  1.94  -0.14   0.0486   N    0.00    0.00    0.00    0.00    0.00    0.00 0 0 0 0 0   -1   -1   -1
 64  4746 N.pl3   37.22   35.35   44.36  1.83  -0.10  -0.5295   P   38.11   34.95   44.12    0.00    0.00    0.00 0 1 0 0 1   -1   -1   -1
 65  4747 C.cat   37.29   36.40   45.19  1.90   0.00   0.8076   N    0.00    0.00    0.00    0.00    0.00    0.00 0 0 0 0 0   -1   -1   -1
 66  4748 N.pl3   36.21   37.06   45.43  1.83  -0.65  -0.8627   P   35.37   37.57   45.62   -0.18   -0.58    0.79 0 2 0 1 2   -1   -1   -1
 67  4749 N.pl3   38.43   36.79   45.73  1.83  -0.65  -0.8627   P   39.29   37.09   46.14    0.18    0.58   -0.79 0 2 0 1 2   -1   -1   -1
 68  4763  N.am   33.13   31.68   45.81  1.83  -0.10  -0.4157   P   33.19   31.70   44.81    0.00    0.00    0.00 0 1 0 1 1   -1   -1   -1
 69  4767   C.3   30.96   32.62   45.23  1.94  -0.01  -0.2041   N    0.00    0.00    0.00    0.00    0.00    0.00 0 0 0 0 0   -1   -1   -1
 70  4768   C.2   31.44   33.99   44.74  1.90  -0.03   0.7130   N    0.00    0.00    0.00    0.00    0.00    0.00 0 0 0 0 0   -1   -1   -1
 71  4769  N.am   30.69   34.53   43.81  1.83  -0.65  -0.9196   P   30.12   34.94   43.10   -0.63    0.33    0.70 0 2 0 2 2   -1   -1   -1
 72  4770   O.2   32.32   34.61   45.24  1.66  -0.40  -0.5931   P   33.06   35.13   45.66    0.63   -0.33   -0.70 2 0 2 0 2   -1   -1   -1
 73  5225   O.2   44.27   34.44   47.61  1.66  -0.40  -0.5679   P   43.83   35.33   47.52    0.88    0.45    0.18 2 0 2 0 2   -1   -1   -1
 74  5244   C.3   45.29   33.28   45.24  1.94  -0.31   0.0381   N    0.00    0.00    0.00    0.00    0.00    0.00 0 0 0 0 0   -1   -1   -1
 75  5245   C.2   43.90   33.35   44.64  1.90  -0.03   0.5366   N    0.00    0.00    0.00    0.00    0.00    0.00 0 0 0 0 0   -1   -1   -1
 76  5246   O.2   43.69   34.14   43.74  1.66  -0.40  -0.5819   P   43.52   34.79   43.00    0.23   -0.70   -0.67 2 0 2 0 2   -1   -1   -1
 77  5247   C.3   46.17   32.56   44.21  1.94   0.01  -0.0303   N    0.00    0.00    0.00    0.00    0.00    0.00 0 0 0 0 0   -1   -1   -1
 78  5255  N.am   42.97   32.53   45.18  1.83  -0.10  -0.4157   P   43.23   31.93   45.93    0.00    0.00    0.00 0 1 0 0 1   -1   -1   -1
 79  5256   C.3   41.56   32.50   44.68  1.94  -0.31  -0.0014   N    0.00    0.00    0.00    0.00    0.00    0.00 0 0 0 0 0   -1   -1   -1
 80  5257   C.2   40.63   33.43   45.51  1.90  -0.03   0.5973   N    0.00    0.00    0.00    0.00    0.00    0.00 0 0 0 0 0   -1   -1   -1
 81  5258   O.2   39.75   34.10   45.08  1.66  -0.40  -0.5679   P   39.01   34.66   44.72   -0.65   -0.73    0.20 2 0 0 0 2   -1   -1   -1
 82  5259   C.3   40.97   31.03   44.72  1.94  -0.01  -0.0152   N    0.00    0.00    0.00    0.00    0.00    0.00 0 0 0 0 0   -1   -1   -1
 83  5260  C.ar   41.73   30.00   43.81  1.85   0.30  -0.0011   N    0.00    0.00    0.00    0.00    0.00    0.00 0 0 0 0 0   -1   -1   -1
 84  5261  C.ar   42.85   29.23   44.25  1.85   0.34  -0.1906   N    0.00    0.00    0.00    0.00    0.00    0.00 0 0 0 0 0   -1   -1   -1
 85  5262  C.ar   41.27   29.88   42.49  1.85   0.34  -0.1906   N    0.00    0.00    0.00    0.00    0.00    0.00 0 0 0 0 0   -1   -1   -1
 86  5263  C.ar   43.42   28.25   43.39  1.85   0.34  -0.2341   N    0.00    0.00    0.00    0.00    0.00    0.00 0 0 0 0 0   -1   -1   -1
 87  5264  C.ar   41.93   29.01   41.62  1.85   0.34  -0.2341   N    0.00    0.00    0.00    0.00    0.00    0.00 0 0 0 0 0   -1   -1   -1
 88  5265  C.ar   42.87   28.12   42.14  1.85  -0.15   0.3226   N    0.00    0.00    0.00    0.00    0.00    0.00 0 0 0 0 0   -1   -1   -1
 89  5266   O.3   43.39   27.15   41.34  1.74   0.08  -0.5579   P   43.77   26.44   40.75   -0.51   -0.69    0.51 2 1 1 1 3   -1   -1   -1
 90  5276  N.am   40.94   33.51   46.81  1.83  -0.10  -0.4157   P   41.51   32.81   47.24    0.00    0.00    0.00 0 1 0 1 1   -1   -1   -1
 91  5277   C.3   40.43   34.63   47.59  1.94  -0.31  -0.0014   N    0.00    0.00    0.00    0.00    0.00    0.00 0 0 0 0 0   -1   -1   -1
 92  5278   C.2   41.05   36.05   47.43  1.90  -0.03   0.5973   N    0.00    0.00    0.00    0.00    0.00    0.00 0 0 0 0 0   -1   -1   -1
 93  5279   O.2   40.49   37.11   47.83  1.66  -0.40  -0.5679   P   40.05   37.95   48.15    0.55   -0.03    0.84 2 0 1 0 2   -1   -1   -1
 94  5281  C.ar   39.84   32.79   49.26  1.85   0.30  -0.0011   N    0.00    0.00    0.00    0.00    0.00    0.00 0 0 0 0 0   -1   -1   -1
 95  5282  C.ar   38.55   32.42   48.84  1.85   0.34  -0.1906   N    0.00    0.00    0.00    0.00    0.00    0.00 0 0 0 0 0   -1   -1   -1
 96  5284  C.ar   38.09   31.08   48.93  1.85   0.34  -0.2341   N    0.00    0.00    0.00    0.00    0.00    0.00 0 0 0 0 0   -1   -1   -1
 97  5297  N.am   42.18   36.06   46.69  1.83  -0.10  -0.4157   P   42.59   35.19   46.42    0.00    0.00    0.00 0 1 0 1 1   -1   -1   -1
 98  5298   C.3   42.83   37.32   46.26  1.94  -0.31   0.0337   N    0.00    0.00    0.00    0.00    0.00    0.00 0 0 0 0 0   -1   -1   -1
 99  5299   C.2   41.91   37.93   45.17  1.90  -0.03   0.5973   N    0.00    0.00    0.00    0.00    0.00    0.00 0 0 0 0 0   -1   -1   -1
100  5300   O.2   41.21   37.18   44.45  1.66  -0.40  -0.5679   P   40.65   36.58   43.88   -0.75    0.07    0.66 2 0 2 0 2   -1   -1   -1
101  5301   C.3   44.22   37.11   45.81  1.94   0.53  -0.1825   N    0.00    0.00    0.00    0.00    0.00    0.00 0 0 0 0 0   -1   -1   -1
102  5307  N.am   41.89   39.30   45.01  1.83   0.08  -0.2548   N    0.00    0.00    0.00    0.00    0.00    0.00 0 0 0 0 0   -1   -1   -1
103  5308   C.3   42.42   40.30   45.94  1.94  -0.31  -0.0266   N    0.00    0.00    0.00    0.00    0.00    0.00 0 0 0 0 0   -1   -1   -1
104  5312   C.3   41.23   41.42   44.11  1.94   0.36   0.0189   N    0.00    0.00    0.00    0.00    0.00    0.00 0 0 0 0 0   -1   -1   -1
105  5313   C.3   41.30   39.96   43.88  1.94  -0.14   0.0192   N    0.00    0.00    0.00    0.00    0.00    0.00 0 0 0 0 0   -1   -1   -1
106  5328 O.co2   37.64   38.67   47.73  1.66  -0.88  -0.8014   P   38.09   37.81   47.96   -0.38    0.04    0.92 2 0 2 0 2   -1   -1   -1
<End>
