#
# This file is create by LigBuilder/Cavity.
# It stores the parameters for the pocket atoms.
# Creation time: Tue Apr  7 19:55:58 2026
#
# 1st column: ID of the atom
# 2nd column: ID of the atom in the original PDB file
# 3rd column: atom type
# 4th column: X coordinate
# 5th column: Y coordinate
# 6th column: Z coordinate
# 7th column: vdw radius
# 8th column: atomic hydrophobic scale
# 9th column: H-bond character
# 10th column: H-bond root X coordinate
# 11th column: H-bond root Y coordinate
# 12th column: H-bond root Z coordinate
#
<Start>
<Atom_number> 73
  1  3135   C.3   14.69   28.47   36.47  1.94   0.36   0.0187   N    0.00    0.00    0.00    0.00    0.00    0.00 0 0 0 0 0   -1   -1   -1
  2  3136   C.3   13.66   29.65   36.56  1.94   0.36  -0.0479   N    0.00    0.00    0.00    0.00    0.00    0.00 0 0 0 0 0   -1   -1   -1
  3  3137   C.3   12.88   29.69   35.26  1.94  -0.14  -0.0143   N    0.00    0.00    0.00    0.00    0.00    0.00 0 0 0 0 0   -1   -1   -1
  4  3138   N.4   13.46   30.51   34.22  1.86  -2.00  -0.3854   P   13.86   31.08   33.50    0.41   -0.81   -0.41 0 3 0 1 3   -1   -1   -1
  5  3152  N.am   12.04   26.50   37.13  1.83  -0.10  -0.4157   P   11.57   27.30   37.51    0.00    0.00    0.00 0 1 0 0 1   -1   -1   -1
  6  3153   C.3   11.42   25.81   36.05  1.94  -0.31  -0.0024   N    0.00    0.00    0.00    0.00    0.00    0.00 0 0 0 0 0   -1   -1   -1
  7  3154   C.2   10.96   26.70   34.98  1.90  -0.03   0.5973   N    0.00    0.00    0.00    0.00    0.00    0.00 0 0 0 0 0   -1   -1   -1
  8  3155   O.2   10.42   27.83   35.20  1.66  -0.40  -0.5679   P   10.00   28.72   35.37    0.90    0.43    0.01 2 0 2 0 2   -1   -1   -1
  9  3156   C.3   10.19   25.03   36.54  1.94  -0.01  -0.0343   N    0.00    0.00    0.00    0.00    0.00    0.00 0 0 0 0 0   -1   -1   -1
 10  3157  C.ar    9.57   24.17   35.51  1.85   0.30   0.0118   N    0.00    0.00    0.00    0.00    0.00    0.00 0 0 0 0 0   -1   -1   -1
 11  3158  C.ar    8.43   24.70   34.85  1.85   0.34  -0.1256   N    0.00    0.00    0.00    0.00    0.00    0.00 0 0 0 0 0   -1   -1   -1
 12  3159  C.ar   10.30   23.06   35.04  1.85   0.34  -0.1256   N    0.00    0.00    0.00    0.00    0.00    0.00 0 0 0 0 0   -1   -1   -1
 13  3160  C.ar    7.95   23.96   33.81  1.85   0.34  -0.1704   N    0.00    0.00    0.00    0.00    0.00    0.00 0 0 0 0 0   -1   -1   -1
 14  3161  C.ar    9.73   22.32   34.00  1.85   0.34  -0.1704   N    0.00    0.00    0.00    0.00    0.00    0.00 0 0 0 0 0   -1   -1   -1
 15  3162  C.ar    8.54   22.74   33.36  1.85   0.34  -0.1072   N    0.00    0.00    0.00    0.00    0.00    0.00 0 0 0 0 0   -1   -1   -1
 16  3172  N.am   11.19   26.25   33.78  1.83  -0.10  -0.4157   P   11.78   25.45   33.69    0.00    0.00    0.00 0 1 0 1 1   -1   -1   -1
 17  3173   C.3   10.66   26.82   32.57  1.94  -0.30  -0.0252   N    0.00    0.00    0.00    0.00    0.00    0.00 0 0 0 0 0   -1   -1   -1
 18  3174   C.2   11.68   27.76   31.85  1.90  -0.03   0.5973   N    0.00    0.00    0.00    0.00    0.00    0.00 0 0 0 0 0   -1   -1   -1
 19  3175   O.2   11.82   28.93   32.20  1.66  -0.40  -0.5679   P   11.93   29.88   32.48    0.72   -0.28    0.64 2 0 1 0 2   -1   -1   -1
 20  3179  N.am   12.40   27.27   30.82  1.83  -0.10  -0.5163   P   12.10   26.37   30.51    0.00    0.00    0.00 0 1 0 1 1   -1   -1   -1
 21  3180   C.3   13.56   27.83   30.06  1.94  -0.31   0.0381   N    0.00    0.00    0.00    0.00    0.00    0.00 0 0 0 0 0   -1   -1   -1
 22  3181   C.2   14.91   27.71   30.82  1.90  -0.03   0.5366   N    0.00    0.00    0.00    0.00    0.00    0.00 0 0 0 0 0   -1   -1   -1
 23  3182   O.2   15.84   28.53   30.71  1.66  -0.40  -0.5819   P   16.59   29.19   30.62   -0.28    0.43    0.86 2 0 2 0 2   -1   -1   -1
 24  3183   C.3   13.40   29.35   29.66  1.94   0.01  -0.0303   N    0.00    0.00    0.00    0.00    0.00    0.00 0 0 0 0 0   -1   -1   -1
 25  3184   C.2   12.13   29.64   28.78  1.90  -0.03   0.7994   N    0.00    0.00    0.00    0.00    0.00    0.00 0 0 0 0 0   -1   -1   -1
 26  3185 O.co2   11.63   30.77   28.88  1.66  -0.88  -0.8014   P   11.23   31.68   28.96    0.62    0.34   -0.71 2 0 2 0 2   -1   -1   -1
 27  3186 O.co2   11.66   28.78   27.97  1.66  -0.88  -0.8014   P   11.29   28.10   27.33   -0.62   -0.34    0.71 2 0 2 0 2   -1   -1   -1
 28  3191  N.am   15.18   26.57   31.48  1.83  -0.10  -0.4157   P   14.47   25.86   31.47    0.00    0.00    0.00 0 1 0 1 1   -1   -1   -1
 29  3192   C.3   16.41   26.26   32.22  1.94  -0.31  -0.0014   N    0.00    0.00    0.00    0.00    0.00    0.00 0 0 0 0 0   -1   -1   -1
 30  3195   C.3   16.22   26.79   33.65  1.94  -0.01  -0.0152   N    0.00    0.00    0.00    0.00    0.00    0.00 0 0 0 0 0   -1   -1   -1
 31  3533   C.3    8.45   24.69   39.42  1.94   0.36  -0.0070   N    0.00    0.00    0.00    0.00    0.00    0.00 0 0 0 0 0   -1   -1   -1
 32  3543  N.am    9.94   27.25   40.25  1.83  -0.10  -0.4157   P   10.64   26.74   39.75    0.00    0.00    0.00 0 1 0 0 1   -1   -1   -1
 33  3544   C.3   10.02   28.74   40.29  1.94  -0.31  -0.0518   N    0.00    0.00    0.00    0.00    0.00    0.00 0 0 0 0 0   -1   -1   -1
 34  3545   C.2   10.18   29.41   38.91  1.90  -0.03   0.5973   N    0.00    0.00    0.00    0.00    0.00    0.00 0 0 0 0 0   -1   -1   -1
 35  3546   O.2   10.73   28.84   37.99  1.66  -0.40  -0.5679   P   11.18   28.37   37.23   -0.89   -0.18   -0.42 2 0 1 0 2   -1   -1   -1
 36  3562  N.am    9.94   30.70   38.87  1.83  -0.10  -0.4157   P    9.43   31.09   39.63    0.00    0.00    0.00 0 1 0 0 1   -1   -1   -1
 37  3563   C.3   10.37   31.64   37.78  1.94  -0.31   0.0143   N    0.00    0.00    0.00    0.00    0.00    0.00 0 0 0 0 0   -1   -1   -1
 38  3564   C.2   11.76   32.42   38.03  1.90  -0.03   0.5973   N    0.00    0.00    0.00    0.00    0.00    0.00 0 0 0 0 0   -1   -1   -1
 39  3565   O.2   12.48   32.19   39.00  1.66  -0.40  -0.5679   P   13.07   32.00   39.79    0.48   -0.70   -0.52 2 0 2 0 2   -1   -1   -1
 40  3566   C.3    9.18   32.58   37.55  1.94  -0.01  -0.2041   N    0.00    0.00    0.00    0.00    0.00    0.00 0 0 0 0 0   -1   -1   -1
 41  3567   C.2    8.07   31.89   36.75  1.90  -0.03   0.7130   N    0.00    0.00    0.00    0.00    0.00    0.00 0 0 0 0 0   -1   -1   -1
 42  3568  N.am    7.19   32.65   36.18  1.83  -0.65  -0.9196   P    6.51   33.24   35.74    0.54   -0.00   -0.84 0 2 0 2 2   -1   -1   -1
 43  3569   O.2    7.90   30.70   36.64  1.66  -0.40  -0.5931   P    7.76   29.71   36.55   -0.54    0.00    0.84 2 0 2 0 2   -1   -1   -1
 44  3576  N.am   12.07   33.31   37.12  1.83  -0.10  -0.5163   P   11.44   33.48   36.36    0.00    0.00    0.00 0 1 0 1 1   -1   -1   -1
 45  3577   C.3   13.39   34.10   37.19  1.94  -0.31   0.0381   N    0.00    0.00    0.00    0.00    0.00    0.00 0 0 0 0 0   -1   -1   -1
 46  3578   C.2   13.61   34.98   38.45  1.90  -0.03   0.5366   N    0.00    0.00    0.00    0.00    0.00    0.00 0 0 0 0 0   -1   -1   -1
 47  3579   O.2   12.74   35.63   39.04  1.66  -0.40  -0.5819   P   12.04   36.16   39.52   -0.17   -0.78    0.61 2 0 1 0 2   -1   -1   -1
 48  3580   C.3   13.54   35.06   35.93  1.94   0.01  -0.0303   N    0.00    0.00    0.00    0.00    0.00    0.00 0 0 0 0 0   -1   -1   -1
 49  3581   C.2   13.86   34.29   34.62  1.90  -0.03   0.7994   N    0.00    0.00    0.00    0.00    0.00    0.00 0 0 0 0 0   -1   -1   -1
 50  3582 O.co2   14.05   34.85   33.48  1.66  -0.88  -0.8014   P   14.20   35.29   32.59    0.95    0.18    0.25 2 0 1 0 2   -1   -1   -1
 51  3583 O.co2   14.04   33.11   34.77  1.66  -0.88  -0.8014   P   14.19   32.13   34.89   -0.95   -0.18   -0.25 2 0 1 0 2   -1   -1   -1
 52  3588  N.am   14.82   35.11   38.95  1.83  -0.10  -0.4157   P   15.49   34.39   38.75    0.00    0.00    0.00 0 1 0 0 1   -1   -1   -1
 53  4220   C.3   17.23   31.70   36.54  1.94   0.36   0.0390   N    0.00    0.00    0.00    0.00    0.00    0.00 0 0 0 0 0   -1   -1   -1
 54  4221   C.3   17.97   32.42   35.36  1.94  -0.14   0.0486   N    0.00    0.00    0.00    0.00    0.00    0.00 0 0 0 0 0   -1   -1   -1
 55  4222 N.pl3   17.11   33.13   34.43  1.83  -0.10  -0.5295   P   16.13   33.10   34.63    0.00    0.00    0.00 0 1 0 1 1   -1   -1   -1
 56  4223 C.cat   17.47   33.83   33.33  1.90   0.00   0.8076   N    0.00    0.00    0.00    0.00    0.00    0.00 0 0 0 0 0   -1   -1   -1
 57  4224 N.pl3   18.68   34.03   32.89  1.83  -0.65  -0.8627   P   19.61   34.18   32.55   -0.01   -0.90   -0.43 0 2 0 2 2   -1   -1   -1
 58  4225 N.pl3   16.61   34.25   32.45  1.83  -0.65  -0.8627   P   15.95   34.57   31.77    0.01    0.90    0.43 0 2 0 1 2   -1   -1   -1
 59  5528  N.am   10.59   37.71   39.34  1.83  -0.10  -0.4157   P   11.33   37.07   39.16    0.00    0.00    0.00 0 1 0 0 1   -1   -1   -1
 60  5529   C.3    9.27   37.46   38.78  1.94  -0.31  -0.0014   N    0.00    0.00    0.00    0.00    0.00    0.00 0 0 0 0 0   -1   -1   -1
 61  5530   C.2    8.31   36.66   39.66  1.90  -0.03   0.5973   N    0.00    0.00    0.00    0.00    0.00    0.00 0 0 0 0 0   -1   -1   -1
 62  5531   O.2    7.12   36.68   39.36  1.66  -0.40  -0.5679   P    6.15   36.70   39.12    0.12   -0.85   -0.52 2 0 1 0 2   -1   -1   -1
 63  5532   C.3    9.51   36.78   37.38  1.94  -0.01  -0.0152   N    0.00    0.00    0.00    0.00    0.00    0.00 0 0 0 0 0   -1   -1   -1
 64  5533  C.ar    9.88   37.78   36.23  1.85   0.30  -0.0011   N    0.00    0.00    0.00    0.00    0.00    0.00 0 0 0 0 0   -1   -1   -1
 65  5534  C.ar   11.22   37.95   35.79  1.85   0.34  -0.1906   N    0.00    0.00    0.00    0.00    0.00    0.00 0 0 0 0 0   -1   -1   -1
 66  5535  C.ar    8.88   38.49   35.58  1.85   0.34  -0.1906   N    0.00    0.00    0.00    0.00    0.00    0.00 0 0 0 0 0   -1   -1   -1
 67  5536  C.ar   11.48   38.66   34.64  1.85   0.34  -0.2341   N    0.00    0.00    0.00    0.00    0.00    0.00 0 0 0 0 0   -1   -1   -1
 68  5537  C.ar    9.13   39.18   34.38  1.85   0.34  -0.2341   N    0.00    0.00    0.00    0.00    0.00    0.00 0 0 0 0 0   -1   -1   -1
 69  5538  C.ar   10.46   39.25   33.91  1.85  -0.15   0.3226   N    0.00    0.00    0.00    0.00    0.00    0.00 0 0 0 0 0   -1   -1   -1
 70  5539   O.3   10.75   39.91   32.79  1.74   0.08  -0.5579   P   10.97   40.41   31.95    0.39   -0.83   -0.39 2 1 2 1 3   -1   -1   -1
 71  5549  N.am    8.75   36.06   40.74  1.83  -0.10  -0.4157   P    9.73   36.10   40.96    0.00    0.00    0.00 0 1 0 1 1   -1   -1   -1
 72  5550   C.3    7.85   35.34   41.63  1.94  -0.31   0.0143   N    0.00    0.00    0.00    0.00    0.00    0.00 0 0 0 0 0   -1   -1   -1
 73  5555  N.am   10.53   33.72   41.20  1.83  -0.65  -0.9196   P   11.43   34.05   40.92    0.39   -0.34    0.85 0 2 0 1 2   -1   -1   -1
<End>
