#
# This file is create by LigBuilder/Cavity.
# It stores the parameters for the pocket atoms.
# Creation time: Tue Apr  7 19:56:56 2026
#
# 1st column: ID of the atom
# 2nd column: ID of the atom in the original PDB file
# 3rd column: atom type
# 4th column: X coordinate
# 5th column: Y coordinate
# 6th column: Z coordinate
# 7th column: vdw radius
# 8th column: atomic hydrophobic scale
# 9th column: H-bond character
# 10th column: H-bond root X coordinate
# 11th column: H-bond root Y coordinate
# 12th column: H-bond root Z coordinate
#
<Start>
<Atom_number> 130
  1  3198  C.ar   18.37   28.05   34.33  1.85   0.34  -0.1906   N    0.00    0.00    0.00    0.00    0.00    0.00 0 0 0 0 0   -1   -1   -1
  2  3200  C.ar   19.50   28.08   35.20  1.85   0.34  -0.2341   N    0.00    0.00    0.00    0.00    0.00    0.00 0 0 0 0 0   -1   -1   -1
  3  3201  C.ar   19.58   27.30   36.40  1.85  -0.15   0.3226   N    0.00    0.00    0.00    0.00    0.00    0.00 0 0 0 0 0   -1   -1   -1
  4  3202   O.3   20.53   27.41   37.29  1.74   0.08  -0.5579   P   21.26   27.49   37.97    0.66   -0.36   -0.66 2 1 2 0 3   -1   -1   -1
  5  3564   C.2   11.76   32.42   38.03  1.90  -0.03   0.5973   N    0.00    0.00    0.00    0.00    0.00    0.00 0 0 0 0 0   -1   -1   -1
  6  3565   O.2   12.48   32.19   39.00  1.66  -0.40  -0.5679   P   13.07   32.00   39.79    0.48   -0.70   -0.52 2 0 2 0 2   -1   -1   -1
  7  3576  N.am   12.07   33.31   37.12  1.83  -0.10  -0.5163   P   11.44   33.48   36.36    0.00    0.00    0.00 0 1 0 1 1   -1   -1   -1
  8  3577   C.3   13.39   34.10   37.19  1.94  -0.31   0.0381   N    0.00    0.00    0.00    0.00    0.00    0.00 0 0 0 0 0   -1   -1   -1
  9  3578   C.2   13.61   34.98   38.45  1.90  -0.03   0.5366   N    0.00    0.00    0.00    0.00    0.00    0.00 0 0 0 0 0   -1   -1   -1
 10  3579   O.2   12.74   35.63   39.04  1.66  -0.40  -0.5819   P   12.04   36.16   39.52   -0.17   -0.78    0.61 2 0 1 0 2   -1   -1   -1
 11  3580   C.3   13.54   35.06   35.93  1.94   0.01  -0.0303   N    0.00    0.00    0.00    0.00    0.00    0.00 0 0 0 0 0   -1   -1   -1
 12  3581   C.2   13.86   34.29   34.62  1.90  -0.03   0.7994   N    0.00    0.00    0.00    0.00    0.00    0.00 0 0 0 0 0   -1   -1   -1
 13  3582 O.co2   14.05   34.85   33.48  1.66  -0.88  -0.8014   P   14.20   35.29   32.59    0.95    0.18    0.25 2 0 1 0 2   -1   -1   -1
 14  3583 O.co2   14.04   33.11   34.77  1.66  -0.88  -0.8014   P   14.19   32.13   34.89   -0.95   -0.18   -0.25 2 0 1 0 2   -1   -1   -1
 15  3588  N.am   14.82   35.11   38.95  1.83  -0.10  -0.4157   P   15.49   34.39   38.75    0.00    0.00    0.00 0 1 0 0 1   -1   -1   -1
 16  3589   C.3   15.25   36.26   39.79  1.94  -0.30  -0.0252   N    0.00    0.00    0.00    0.00    0.00    0.00 0 0 0 0 0   -1   -1   -1
 17  3590   C.2   14.88   36.15   41.31  1.90  -0.03   0.5973   N    0.00    0.00    0.00    0.00    0.00    0.00 0 0 0 0 0   -1   -1   -1
 18  3591   O.2   14.96   37.11   42.03  1.66  -0.40  -0.5679   P   15.03   37.91   42.63   -0.96    0.22   -0.19 2 0 2 0 2   -1   -1   -1
 19  3595  N.am   14.52   34.99   41.77  1.83  -0.10  -0.4157   P   14.67   34.21   41.16    0.00    0.00    0.00 0 1 0 1 1   -1   -1   -1
 20  3596   C.3   13.92   34.69   43.08  1.94  -0.31  -0.0237   N    0.00    0.00    0.00    0.00    0.00    0.00 0 0 0 0 0   -1   -1   -1
 21  3597   C.2   14.89   35.12   44.16  1.90  -0.03   0.5973   N    0.00    0.00    0.00    0.00    0.00    0.00 0 0 0 0 0   -1   -1   -1
 22  3598   O.2   15.97   34.51   44.34  1.66  -0.40  -0.5679   P   16.83   34.02   44.48    0.46    0.64   -0.61 2 0 2 0 2   -1   -1   -1
 23  4092   C.2   23.70   28.58   42.37  1.90  -0.03   0.5366   N    0.00    0.00    0.00    0.00    0.00    0.00 0 0 0 0 0   -1   -1   -1
 24  4093   O.2   23.42   29.46   41.56  1.66  -0.40  -0.5819   P   23.19   30.18   40.90   -0.57   -0.65   -0.51 2 0 2 0 2   -1   -1   -1
 25  4104   C.2   22.17   30.31   44.65  1.90  -0.03   0.5973   N    0.00    0.00    0.00    0.00    0.00    0.00 0 0 0 0 0   -1   -1   -1
 26  4105   O.2   21.31   31.09   44.99  1.66  -0.40  -0.5679   P   20.60   31.73   45.27   -0.08   -0.47    0.88 2 0 2 0 2   -1   -1   -1
 27  4113  N.am   23.49   30.56   44.90  1.83  -0.10  -0.4157   P   24.18   29.84   44.82    0.00    0.00    0.00 0 1 0 1 1   -1   -1   -1
 28  4114   C.3   23.83   31.90   45.28  1.94  -0.31  -0.0518   N    0.00    0.00    0.00    0.00    0.00    0.00 0 0 0 0 0   -1   -1   -1
 29  4115   C.2   24.01   32.92   44.17  1.90  -0.03   0.5973   N    0.00    0.00    0.00    0.00    0.00    0.00 0 0 0 0 0   -1   -1   -1
 30  4116   O.2   24.15   32.72   42.98  1.66  -0.40  -0.5679   P   24.27   32.56   42.00   -0.99   -0.05   -0.11 2 0 1 0 2   -1   -1   -1
 31  4132  N.am   23.90   34.11   44.62  1.83  -0.10  -0.4157   P   23.92   34.24   45.61    0.00    0.00    0.00 0 1 0 0 1   -1   -1   -1
 32  4133   C.3   23.74   35.32   43.77  1.94  -0.31  -0.0389   N    0.00    0.00    0.00    0.00    0.00    0.00 0 0 0 0 0   -1   -1   -1
 33  4134   C.2   24.89   35.54   42.71  1.90  -0.03   0.5973   N    0.00    0.00    0.00    0.00    0.00    0.00 0 0 0 0 0   -1   -1   -1
 34  4135   O.2   26.06   35.45   43.02  1.66  -0.40  -0.5679   P   27.02   35.38   43.28   -0.03   -0.98   -0.18 2 0 2 0 2   -1   -1   -1
 35  4136   C.3   23.60   36.59   44.66  1.94  -0.20   0.3654   N    0.00    0.00    0.00    0.00    0.00    0.00 0 0 0 0 0   -1   -1   -1
 36  4137   C.3   24.91   37.03   45.37  1.94   0.53  -0.2438   N    0.00    0.00    0.00    0.00    0.00    0.00 0 0 0 0 0   -1   -1   -1
 37  4138   O.3   23.31   37.68   43.78  1.74  -0.47  -0.6761   P   23.11   38.44   43.16    0.66   -0.36   -0.66 2 1 1 0 3   -1   -1   -1
 38  4146  N.am   24.47   35.78   41.45  1.83  -0.10  -0.4157   P   23.49   35.89   41.29    0.00    0.00    0.00 0 1 0 1 1   -1   -1   -1
 39  4147   C.3   25.37   35.89   40.31  1.94  -0.30  -0.0252   N    0.00    0.00    0.00    0.00    0.00    0.00 0 0 0 0 0   -1   -1   -1
 40  4148   C.2   26.26   34.69   39.94  1.90  -0.03   0.5973   N    0.00    0.00    0.00    0.00    0.00    0.00 0 0 0 0 0   -1   -1   -1
 41  4149   O.2   27.29   34.99   39.28  1.66  -0.40  -0.5679   P   28.11   35.23   38.76    0.51    0.13    0.85 2 0 2 0 2   -1   -1   -1
 42  4153  N.am   25.99   33.46   40.29  1.83  -0.10  -0.5163   P   25.22   33.25   40.89    0.00    0.00    0.00 0 1 0 0 1   -1   -1   -1
 43  4154   C.3   26.86   32.40   39.76  1.94  -0.31   0.0381   N    0.00    0.00    0.00    0.00    0.00    0.00 0 0 0 0 0   -1   -1   -1
 44  4155   C.2   26.74   32.22   38.25  1.90  -0.03   0.5366   N    0.00    0.00    0.00    0.00    0.00    0.00 0 0 0 0 0   -1   -1   -1
 45  4156   O.2   25.70   32.56   37.67  1.66  -0.40  -0.5819   P   24.86   32.83   37.20    0.37    0.92   -0.12 2 0 2 0 2   -1   -1   -1
 46  4157   C.3   26.62   31.03   40.47  1.94   0.01  -0.0303   N    0.00    0.00    0.00    0.00    0.00    0.00 0 0 0 0 0   -1   -1   -1
 47  4165  N.am   27.75   31.72   37.53  1.83  -0.10  -0.3479   P   28.45   31.21   38.02    0.00    0.00    0.00 0 1 0 0 1   -1   -1   -1
 48  4166   C.3   27.91   31.86   36.11  1.94  -0.31  -0.2637   N    0.00    0.00    0.00    0.00    0.00    0.00 0 0 0 0 0   -1   -1   -1
 49  4167   C.2   26.67   31.37   35.28  1.90  -0.03   0.7341   N    0.00    0.00    0.00    0.00    0.00    0.00 0 0 0 0 0   -1   -1   -1
 50  4168   O.2   26.25   32.16   34.40  1.66  -0.40  -0.5894   P   25.92   32.79   33.70    0.53   -0.49   -0.69 2 0 2 0 2   -1   -1   -1
 51  4169   C.3   29.31   31.40   35.77  1.94   0.36  -0.0007   N    0.00    0.00    0.00    0.00    0.00    0.00 0 0 0 0 0   -1   -1   -1
 52  4170   C.3   29.79   31.73   34.32  1.94   0.36   0.0390   N    0.00    0.00    0.00    0.00    0.00    0.00 0 0 0 0 0   -1   -1   -1
 53  4189  N.am   26.09   30.18   35.68  1.83  -0.10  -0.4157   P   26.53   29.65   36.41    0.00    0.00    0.00 0 1 0 1 1   -1   -1   -1
 54  4190   C.3   24.83   29.66   35.06  1.94  -0.31  -0.0518   N    0.00    0.00    0.00    0.00    0.00    0.00 0 0 0 0 0   -1   -1   -1
 55  4191   C.2   23.75   29.50   36.15  1.90  -0.03   0.5973   N    0.00    0.00    0.00    0.00    0.00    0.00 0 0 0 0 0   -1   -1   -1
 56  4192   O.2   22.95   28.56   36.09  1.66  -0.40  -0.5679   P   22.30   27.80   36.04    0.63   -0.57    0.53 2 0 1 0 2   -1   -1   -1
 57  4193   C.3   25.11   28.42   34.14  1.94   0.36  -0.1102   N    0.00    0.00    0.00    0.00    0.00    0.00 0 0 0 0 0   -1   -1   -1
 58  4194   C.3   26.00   28.91   32.92  1.94   0.13   0.3531   N    0.00    0.00    0.00    0.00    0.00    0.00 0 0 0 0 0   -1   -1   -1
 59  4196   C.3   25.03   29.26   31.72  1.94   0.53  -0.4121   N    0.00    0.00    0.00    0.00    0.00    0.00 0 0 0 0 0   -1   -1   -1
 60  4208  N.am   23.76   30.44   37.14  1.83  -0.10  -0.4157   P   24.47   31.14   37.14    0.00    0.00    0.00 0 1 0 1 1   -1   -1   -1
 61  4209   C.3   22.77   30.45   38.18  1.94  -0.30  -0.0252   N    0.00    0.00    0.00    0.00    0.00    0.00 0 0 0 0 0   -1   -1   -1
 62  4210   C.2   21.40   31.10   37.75  1.90  -0.03   0.5973   N    0.00    0.00    0.00    0.00    0.00    0.00 0 0 0 0 0   -1   -1   -1
 63  4211   O.2   21.28   31.36   36.55  1.66  -0.40  -0.5679   P   21.18   31.57   35.58   -0.27   -0.95   -0.18 2 0 2 0 2   -1   -1   -1
 64  4215  N.am   20.38   31.22   38.64  1.83  -0.10  -0.3479   P   20.52   30.82   39.54    0.00    0.00    0.00 0 1 0 1 1   -1   -1   -1
 65  4216   C.3   19.02   31.93   38.38  1.94  -0.31  -0.2637   N    0.00    0.00    0.00    0.00    0.00    0.00 0 0 0 0 0   -1   -1   -1
 66  4217   C.2   18.29   32.50   39.56  1.90  -0.03   0.7341   N    0.00    0.00    0.00    0.00    0.00    0.00 0 0 0 0 0   -1   -1   -1
 67  4218   O.2   17.44   33.33   39.33  1.66  -0.40  -0.5894   P   16.74   34.02   39.14   -0.71   -0.70    0.09 2 0 1 0 2   -1   -1   -1
 68  4219   C.3   18.08   30.95   37.57  1.94   0.36  -0.0007   N    0.00    0.00    0.00    0.00    0.00    0.00 0 0 0 0 0   -1   -1   -1
 69  4220   C.3   17.23   31.70   36.54  1.94   0.36   0.0390   N    0.00    0.00    0.00    0.00    0.00    0.00 0 0 0 0 0   -1   -1   -1
 70  4221   C.3   17.97   32.42   35.36  1.94  -0.14   0.0486   N    0.00    0.00    0.00    0.00    0.00    0.00 0 0 0 0 0   -1   -1   -1
 71  4222 N.pl3   17.11   33.13   34.43  1.83  -0.10  -0.5295   P   16.13   33.10   34.63    0.00    0.00    0.00 0 1 0 1 1   -1   -1   -1
 72  4223 C.cat   17.47   33.83   33.33  1.90   0.00   0.8076   N    0.00    0.00    0.00    0.00    0.00    0.00 0 0 0 0 0   -1   -1   -1
 73  4224 N.pl3   18.68   34.03   32.89  1.83  -0.65  -0.8627   P   19.61   34.18   32.55   -0.01   -0.90   -0.43 0 2 0 2 2   -1   -1   -1
 74  4225 N.pl3   16.61   34.25   32.45  1.83  -0.65  -0.8627   P   15.95   34.57   31.77    0.01    0.90    0.43 0 2 0 1 2   -1   -1   -1
 75  4239  N.am   18.75   32.19   40.79  1.83  -0.10  -0.4157   P   19.46   31.49   40.85    0.00    0.00    0.00 0 1 0 1 1   -1   -1   -1
 76  4240   C.3   18.30   32.78   42.02  1.94  -0.31  -0.0024   N    0.00    0.00    0.00    0.00    0.00    0.00 0 0 0 0 0   -1   -1   -1
 77  4241   C.2   19.29   33.75   42.57  1.90  -0.03   0.5973   N    0.00    0.00    0.00    0.00    0.00    0.00 0 0 0 0 0   -1   -1   -1
 78  4242   O.2   20.51   33.69   42.29  1.66  -0.40  -0.5679   P   21.48   33.64   42.07   -0.18    0.45   -0.88 2 0 2 0 2   -1   -1   -1
 79  4243   C.3   18.12   31.70   43.04  1.94  -0.01  -0.0343   N    0.00    0.00    0.00    0.00    0.00    0.00 0 0 0 0 0   -1   -1   -1
 80  4244  C.ar   17.03   30.69   43.07  1.85   0.30   0.0118   N    0.00    0.00    0.00    0.00    0.00    0.00 0 0 0 0 0   -1   -1   -1
 81  4245  C.ar   16.16   30.71   41.96  1.85   0.34  -0.1256   N    0.00    0.00    0.00    0.00    0.00    0.00 0 0 0 0 0   -1   -1   -1
 82  4259  N.am   18.75   34.81   43.22  1.83  -0.10  -0.4157   P   17.76   34.85   43.32    0.00    0.00    0.00 0 1 0 1 1   -1   -1   -1
 83  4260   C.3   19.58   35.94   43.81  1.94  -0.31   0.0143   N    0.00    0.00    0.00    0.00    0.00    0.00 0 0 0 0 0   -1   -1   -1
 84  4261   C.2   19.58   35.76   45.35  1.90  -0.03   0.5973   N    0.00    0.00    0.00    0.00    0.00    0.00 0 0 0 0 0   -1   -1   -1
 85  4262   O.2   18.92   36.40   46.12  1.66  -0.40  -0.5679   P   18.37   36.93   46.76   -0.75   -0.66   -0.09 2 0 1 0 2   -1   -1   -1
 86  4263   C.3   18.95   37.27   43.42  1.94  -0.01  -0.2041   N    0.00    0.00    0.00    0.00    0.00    0.00 0 0 0 0 0   -1   -1   -1
 87  4264   C.2   19.71   38.50   43.75  1.90  -0.03   0.7130   N    0.00    0.00    0.00    0.00    0.00    0.00 0 0 0 0 0   -1   -1   -1
 88  4265  N.am   19.00   39.58   43.94  1.83  -0.65  -0.9196   P   18.46   40.41   44.09   -0.24   -0.32    0.92 0 2 0 1 2   -1   -1   -1
 89  4266   O.2   20.87   38.51   44.06  1.66  -0.40  -0.5931   P   21.84   38.52   44.32    0.24    0.32   -0.92 2 0 1 0 2   -1   -1   -1
 90  4273  N.am   20.39   34.77   45.87  1.83  -0.10  -0.4157   P   20.92   34.21   45.23    0.00    0.00    0.00 0 1 0 1 1   -1   -1   -1
 91  4276   O.2   22.96   34.67   47.14  1.66  -0.40  -0.5679   P   23.79   34.48   46.61   -0.07    0.90   -0.43 2 0 1 0 2   -1   -1   -1
 92  5444   C.2   23.24   41.28   45.43  1.90  -0.03   0.5896   N    0.00    0.00    0.00    0.00    0.00    0.00 0 0 0 0 0   -1   -1   -1
 93  5456  N.am   22.85   40.68   44.31  1.83  -0.10  -0.4157   P   22.63   39.70   44.33    0.00    0.00    0.00 0 1 0 0 1   -1   -1   -1
 94  5457   C.3   22.73   41.41   43.05  1.94  -0.31  -0.0249   N    0.00    0.00    0.00    0.00    0.00    0.00 0 0 0 0 0   -1   -1   -1
 95  5458   C.2   21.49   42.28   42.94  1.90  -0.03   0.5973   N    0.00    0.00    0.00    0.00    0.00    0.00 0 0 0 0 0   -1   -1   -1
 96  5459   O.2   20.46   41.95   43.47  1.66  -0.40  -0.5679   P   19.60   41.68   43.91    0.23    0.56    0.79 2 0 0 0 2   -1   -1   -1
 97  5460   C.3   22.92   40.42   41.88  1.94  -0.14   0.2117   N    0.00    0.00    0.00    0.00    0.00    0.00 0 0 0 0 0   -1   -1   -1
 98  5461   O.3   22.86   41.09   40.63  1.74  -0.47  -0.6546   P   22.82   41.56   39.75    0.44   -0.78   -0.44 2 1 2 1 3   -1   -1   -1
 99  5467  N.am   21.55   43.38   42.14  1.83  -0.10  -0.4157   P   22.43   43.63   41.73    0.00    0.00    0.00 0 1 0 1 1   -1   -1   -1
100  5469   C.2   19.70   43.64   40.56  1.90  -0.03   0.5973   N    0.00    0.00    0.00    0.00    0.00    0.00 0 0 0 0 0   -1   -1   -1
101  5470   O.2   19.65   44.29   39.51  1.66  -0.40  -0.5679   P   19.61   44.82   38.66    0.84   -0.44   -0.31 2 0 2 0 2   -1   -1   -1
102  5481  N.am   19.12   42.45   40.68  1.83  -0.10  -0.4157   P   19.26   41.91   41.51    0.00    0.00    0.00 0 1 0 0 1   -1   -1   -1
103  5482   C.3   18.26   41.91   39.58  1.94  -0.31  -0.0597   N    0.00    0.00    0.00    0.00    0.00    0.00 0 0 0 0 0   -1   -1   -1
104  5483   C.2   16.82   41.67   39.99  1.90  -0.03   0.5973   N    0.00    0.00    0.00    0.00    0.00    0.00 0 0 0 0 0   -1   -1   -1
105  5484   O.2   16.61   41.00   41.05  1.66  -0.40  -0.5679   P   16.44   40.47   41.88   -0.03    0.85    0.53 2 0 2 0 2   -1   -1   -1
106  5485   C.3   18.92   40.65   38.93  1.94   0.13   0.1303   N    0.00    0.00    0.00    0.00    0.00    0.00 0 0 0 0 0   -1   -1   -1
107  5486   C.3   18.03   39.88   37.96  1.94   0.36  -0.0430   N    0.00    0.00    0.00    0.00    0.00    0.00 0 0 0 0 0   -1   -1   -1
108  5487   C.3   19.49   39.72   40.07  1.94   0.53  -0.3204   N    0.00    0.00    0.00    0.00    0.00    0.00 0 0 0 0 0   -1   -1   -1
109  5488   C.3   18.86   39.22   36.81  1.94   0.53  -0.0660   N    0.00    0.00    0.00    0.00    0.00    0.00 0 0 0 0 0   -1   -1   -1
110  5500  N.am   15.78   42.12   39.20  1.83   0.08  -0.2548   N    0.00    0.00    0.00    0.00    0.00    0.00 0 0 0 0 0   -1   -1   -1
111  5501   C.3   14.36   41.95   39.65  1.94  -0.31  -0.0266   N    0.00    0.00    0.00    0.00    0.00    0.00 0 0 0 0 0   -1   -1   -1
112  5502   C.2   13.82   40.46   39.82  1.90  -0.03   0.5896   N    0.00    0.00    0.00    0.00    0.00    0.00 0 0 0 0 0   -1   -1   -1
113  5503   O.2   14.14   39.64   38.95  1.66  -0.40  -0.5748   P   14.40   38.98   38.25    0.71   -0.36    0.60 2 0 2 0 2   -1   -1   -1
114  5504   C.3   13.44   42.78   38.66  1.94   0.36  -0.0070   N    0.00    0.00    0.00    0.00    0.00    0.00 0 0 0 0 0   -1   -1   -1
115  5505   C.3   14.48   43.85   38.18  1.94   0.36   0.0189   N    0.00    0.00    0.00    0.00    0.00    0.00 0 0 0 0 0   -1   -1   -1
116  5506   C.3   15.80   42.96   38.05  1.94  -0.14   0.0192   N    0.00    0.00    0.00    0.00    0.00    0.00 0 0 0 0 0   -1   -1   -1
117  5514  N.am   12.89   40.14   40.72  1.83  -0.10  -0.4157   P   12.65   40.85   41.38    0.00    0.00    0.00 0 1 0 1 1   -1   -1   -1
118  5515   C.3   12.19   38.90   40.85  1.94  -0.31   0.0143   N    0.00    0.00    0.00    0.00    0.00    0.00 0 0 0 0 0   -1   -1   -1
119  5516   C.2   10.82   38.78   40.09  1.90  -0.03   0.5973   N    0.00    0.00    0.00    0.00    0.00    0.00 0 0 0 0 0   -1   -1   -1
120  5517   O.2   10.11   39.79   40.18  1.66  -0.40  -0.5679   P    9.54   40.61   40.25    0.50    0.42   -0.75 2 0 2 0 2   -1   -1   -1
121  5528  N.am   10.59   37.71   39.34  1.83  -0.10  -0.4157   P   11.33   37.07   39.16    0.00    0.00    0.00 0 1 0 0 1   -1   -1   -1
122  5529   C.3    9.27   37.46   38.78  1.94  -0.31  -0.0014   N    0.00    0.00    0.00    0.00    0.00    0.00 0 0 0 0 0   -1   -1   -1
123  5532   C.3    9.51   36.78   37.38  1.94  -0.01  -0.0152   N    0.00    0.00    0.00    0.00    0.00    0.00 0 0 0 0 0   -1   -1   -1
124  5533  C.ar    9.88   37.78   36.23  1.85   0.30  -0.0011   N    0.00    0.00    0.00    0.00    0.00    0.00 0 0 0 0 0   -1   -1   -1
125  5534  C.ar   11.22   37.95   35.79  1.85   0.34  -0.1906   N    0.00    0.00    0.00    0.00    0.00    0.00 0 0 0 0 0   -1   -1   -1
126  5535  C.ar    8.88   38.49   35.58  1.85   0.34  -0.1906   N    0.00    0.00    0.00    0.00    0.00    0.00 0 0 0 0 0   -1   -1   -1
127  5536  C.ar   11.48   38.66   34.64  1.85   0.34  -0.2341   N    0.00    0.00    0.00    0.00    0.00    0.00 0 0 0 0 0   -1   -1   -1
128  5537  C.ar    9.13   39.18   34.38  1.85   0.34  -0.2341   N    0.00    0.00    0.00    0.00    0.00    0.00 0 0 0 0 0   -1   -1   -1
129  5538  C.ar   10.46   39.25   33.91  1.85  -0.15   0.3226   N    0.00    0.00    0.00    0.00    0.00    0.00 0 0 0 0 0   -1   -1   -1
130  5539   O.3   10.75   39.91   32.79  1.74   0.08  -0.5579   P   10.97   40.41   31.95    0.39   -0.83   -0.39 2 1 2 1 3   -1   -1   -1
<End>
