#
# This file is create by LigBuilder/Cavity.
# It stores the parameters for the pocket atoms.
# Creation time: Tue Apr  7 19:56:37 2026
#
# 1st column: ID of the atom
# 2nd column: ID of the atom in the original PDB file
# 3rd column: atom type
# 4th column: X coordinate
# 5th column: Y coordinate
# 6th column: Z coordinate
# 7th column: vdw radius
# 8th column: atomic hydrophobic scale
# 9th column: H-bond character
# 10th column: H-bond root X coordinate
# 11th column: H-bond root Y coordinate
# 12th column: H-bond root Z coordinate
#
<Start>
<Atom_number> 107
  1  4115   C.2   24.01   32.92   44.17  1.90  -0.03   0.5973   N    0.00    0.00    0.00    0.00    0.00    0.00 0 0 0 0 0   -1   -1   -1
  2  4116   O.2   24.15   32.72   42.98  1.66  -0.40  -0.5679   P   24.27   32.56   42.00   -0.99   -0.05   -0.11 2 0 1 0 2   -1   -1   -1
  3  4132  N.am   23.90   34.11   44.62  1.83  -0.10  -0.4157   P   23.92   34.24   45.61    0.00    0.00    0.00 0 1 0 0 1   -1   -1   -1
  4  4133   C.3   23.74   35.32   43.77  1.94  -0.31  -0.0389   N    0.00    0.00    0.00    0.00    0.00    0.00 0 0 0 0 0   -1   -1   -1
  5  4134   C.2   24.89   35.54   42.71  1.90  -0.03   0.5973   N    0.00    0.00    0.00    0.00    0.00    0.00 0 0 0 0 0   -1   -1   -1
  6  4135   O.2   26.06   35.45   43.02  1.66  -0.40  -0.5679   P   27.02   35.38   43.28   -0.03   -0.98   -0.18 2 0 2 0 2   -1   -1   -1
  7  4136   C.3   23.60   36.59   44.66  1.94  -0.20   0.3654   N    0.00    0.00    0.00    0.00    0.00    0.00 0 0 0 0 0   -1   -1   -1
  8  4137   C.3   24.91   37.03   45.37  1.94   0.53  -0.2438   N    0.00    0.00    0.00    0.00    0.00    0.00 0 0 0 0 0   -1   -1   -1
  9  4138   O.3   23.31   37.68   43.78  1.74  -0.47  -0.6761   P   23.11   38.44   43.16    0.66   -0.36   -0.66 2 1 1 0 3   -1   -1   -1
 10  4146  N.am   24.47   35.78   41.45  1.83  -0.10  -0.4157   P   23.49   35.89   41.29    0.00    0.00    0.00 0 1 0 1 1   -1   -1   -1
 11  4147   C.3   25.37   35.89   40.31  1.94  -0.30  -0.0252   N    0.00    0.00    0.00    0.00    0.00    0.00 0 0 0 0 0   -1   -1   -1
 12  4148   C.2   26.26   34.69   39.94  1.90  -0.03   0.5973   N    0.00    0.00    0.00    0.00    0.00    0.00 0 0 0 0 0   -1   -1   -1
 13  4149   O.2   27.29   34.99   39.28  1.66  -0.40  -0.5679   P   28.11   35.23   38.76    0.51    0.13    0.85 2 0 2 0 2   -1   -1   -1
 14  4153  N.am   25.99   33.46   40.29  1.83  -0.10  -0.5163   P   25.22   33.25   40.89    0.00    0.00    0.00 0 1 0 0 1   -1   -1   -1
 15  4154   C.3   26.86   32.40   39.76  1.94  -0.31   0.0381   N    0.00    0.00    0.00    0.00    0.00    0.00 0 0 0 0 0   -1   -1   -1
 16  4155   C.2   26.74   32.22   38.25  1.90  -0.03   0.5366   N    0.00    0.00    0.00    0.00    0.00    0.00 0 0 0 0 0   -1   -1   -1
 17  4157   C.3   26.62   31.03   40.47  1.94   0.01  -0.0303   N    0.00    0.00    0.00    0.00    0.00    0.00 0 0 0 0 0   -1   -1   -1
 18  4158   C.2   27.89   30.11   40.45  1.90  -0.03   0.7994   N    0.00    0.00    0.00    0.00    0.00    0.00 0 0 0 0 0   -1   -1   -1
 19  4159 O.co2   28.81   30.47   39.66  1.66  -0.88  -0.8014   P   29.54   30.75   39.04    0.38    0.59    0.71 2 0 0 0 2   -1   -1   -1
 20  4165  N.am   27.75   31.72   37.53  1.83  -0.10  -0.3479   P   28.45   31.21   38.02    0.00    0.00    0.00 0 1 0 0 1   -1   -1   -1
 21  4264   C.2   19.71   38.50   43.75  1.90  -0.03   0.7130   N    0.00    0.00    0.00    0.00    0.00    0.00 0 0 0 0 0   -1   -1   -1
 22  4266   O.2   20.87   38.51   44.06  1.66  -0.40  -0.5931   P   21.84   38.52   44.32    0.24    0.32   -0.92 2 0 1 0 2   -1   -1   -1
 23  4706  N.am   31.38   29.30   40.36  1.83  -0.10  -0.4157   P   30.42   29.30   40.64    0.00    0.00    0.00 0 1 0 1 1   -1   -1   -1
 24  4707   C.3   32.30   30.31   40.84  1.94  -0.31  -0.0389   N    0.00    0.00    0.00    0.00    0.00    0.00 0 0 0 0 0   -1   -1   -1
 25  4708   C.2   32.98   29.84   42.18  1.90  -0.03   0.5973   N    0.00    0.00    0.00    0.00    0.00    0.00 0 0 0 0 0   -1   -1   -1
 26  4709   O.2   32.57   30.24   43.27  1.66  -0.40  -0.5679   P   32.24   30.56   44.16   -0.61   -0.79    0.06 2 0 1 0 2   -1   -1   -1
 27  4710   C.3   31.58   31.69   41.02  1.94  -0.20   0.3654   N    0.00    0.00    0.00    0.00    0.00    0.00 0 0 0 0 0   -1   -1   -1
 28  4711   C.3   32.63   32.71   41.32  1.94   0.53  -0.2438   N    0.00    0.00    0.00    0.00    0.00    0.00 0 0 0 0 0   -1   -1   -1
 29  4712   O.3   30.99   32.08   39.81  1.74  -0.47  -0.6761   P   30.57   32.36   38.95    0.47   -0.75   -0.47 2 1 2 0 3   -1   -1   -1
 30  4739  N.am   35.42   30.40   44.45  1.83  -0.10  -0.3479   P   35.70   30.78   43.56    0.00    0.00    0.00 0 1 0 1 1   -1   -1   -1
 31  4740   C.3   35.52   31.29   45.64  1.94  -0.31  -0.2637   N    0.00    0.00    0.00    0.00    0.00    0.00 0 0 0 0 0   -1   -1   -1
 32  4741   C.2   34.23   31.41   46.42  1.90  -0.03   0.7341   N    0.00    0.00    0.00    0.00    0.00    0.00 0 0 0 0 0   -1   -1   -1
 33  4743   C.3   36.16   32.62   45.20  1.94   0.36  -0.0007   N    0.00    0.00    0.00    0.00    0.00    0.00 0 0 0 0 0   -1   -1   -1
 34  4744   C.3   35.21   33.71   44.65  1.94   0.36   0.0390   N    0.00    0.00    0.00    0.00    0.00    0.00 0 0 0 0 0   -1   -1   -1
 35  4745   C.3   36.05   34.66   43.72  1.94  -0.14   0.0486   N    0.00    0.00    0.00    0.00    0.00    0.00 0 0 0 0 0   -1   -1   -1
 36  4746 N.pl3   37.22   35.35   44.36  1.83  -0.10  -0.5295   P   38.11   34.95   44.12    0.00    0.00    0.00 0 1 0 0 1   -1   -1   -1
 37  4747 C.cat   37.29   36.40   45.19  1.90   0.00   0.8076   N    0.00    0.00    0.00    0.00    0.00    0.00 0 0 0 0 0   -1   -1   -1
 38  4748 N.pl3   36.21   37.06   45.43  1.83  -0.65  -0.8627   P   35.37   37.57   45.62   -0.18   -0.58    0.79 0 2 0 1 2   -1   -1   -1
 39  4749 N.pl3   38.43   36.79   45.73  1.83  -0.65  -0.8627   P   39.29   37.09   46.14    0.18    0.58   -0.79 0 2 0 1 2   -1   -1   -1
 40  4763  N.am   33.13   31.68   45.81  1.83  -0.10  -0.4157   P   33.19   31.70   44.81    0.00    0.00    0.00 0 1 0 1 1   -1   -1   -1
 41  4764   C.3   31.80   31.96   46.37  1.94  -0.31   0.0143   N    0.00    0.00    0.00    0.00    0.00    0.00 0 0 0 0 0   -1   -1   -1
 42  4767   C.3   30.96   32.62   45.23  1.94  -0.01  -0.2041   N    0.00    0.00    0.00    0.00    0.00    0.00 0 0 0 0 0   -1   -1   -1
 43  4768   C.2   31.44   33.99   44.74  1.90  -0.03   0.7130   N    0.00    0.00    0.00    0.00    0.00    0.00 0 0 0 0 0   -1   -1   -1
 44  4769  N.am   30.69   34.53   43.81  1.83  -0.65  -0.9196   P   30.12   34.94   43.10   -0.63    0.33    0.70 0 2 0 2 2   -1   -1   -1
 45  4770   O.2   32.32   34.61   45.24  1.66  -0.40  -0.5931   P   33.06   35.13   45.66    0.63   -0.33   -0.70 2 0 2 0 2   -1   -1   -1
 46  4810   C.3   34.11   34.05   49.14  1.94  -0.14   0.0486   N    0.00    0.00    0.00    0.00    0.00    0.00 0 0 0 0 0   -1   -1   -1
 47  4811 N.pl3   33.27   35.31   49.25  1.83  -0.10  -0.5295   P   32.57   35.31   49.97    0.00    0.00    0.00 0 1 0 0 1   -1   -1   -1
 48  4812 C.cat   33.34   36.43   48.51  1.90   0.00   0.8076   N    0.00    0.00    0.00    0.00    0.00    0.00 0 0 0 0 0   -1   -1   -1
 49  4813 N.pl3   34.31   36.72   47.72  1.83  -0.65  -0.8627   P   35.07   36.95   47.10   -0.50   -0.42   -0.76 0 2 0 2 2   -1   -1   -1
 50  4814 N.pl3   32.36   37.28   48.68  1.83  -0.65  -0.8627   P   31.61   37.93   48.81    0.50    0.42    0.76 0 2 0 1 2   -1   -1   -1
 51  5321  N.am   40.17   40.58   47.00  1.83  -0.10  -0.5163   P   39.79   40.19   46.16    0.00    0.00    0.00 0 1 0 1 1   -1   -1   -1
 52  5322   C.3   39.25   41.06   48.04  1.94  -0.31   0.0381   N    0.00    0.00    0.00    0.00    0.00    0.00 0 0 0 0 0   -1   -1   -1
 53  5323   C.2   39.34   40.50   49.49  1.90  -0.03   0.5366   N    0.00    0.00    0.00    0.00    0.00    0.00 0 0 0 0 0   -1   -1   -1
 54  5324   O.2   39.22   41.26   50.52  1.66  -0.40  -0.5819   P   39.13   41.85   51.32   -0.96   -0.27    0.09 2 0 1 0 2   -1   -1   -1
 55  5325   C.3   37.76   41.06   47.57  1.94   0.01  -0.0303   N    0.00    0.00    0.00    0.00    0.00    0.00 0 0 0 0 0   -1   -1   -1
 56  5326   C.2   37.09   39.72   47.45  1.90  -0.03   0.7994   N    0.00    0.00    0.00    0.00    0.00    0.00 0 0 0 0 0   -1   -1   -1
 57  5327 O.co2   35.97   39.58   46.99  1.66  -0.88  -0.8014   P   35.05   39.47   46.61    0.38   -0.04   -0.92 2 0 1 0 2   -1   -1   -1
 58  5328 O.co2   37.64   38.67   47.73  1.66  -0.88  -0.8014   P   38.09   37.81   47.96   -0.38    0.04    0.92 2 0 2 0 2   -1   -1   -1
 59  5354   C.3   36.00   38.88   51.67  1.94  -0.31  -0.0031   N    0.00    0.00    0.00    0.00    0.00    0.00 0 0 0 0 0   -1   -1   -1
 60  5355   C.2   35.52   37.45   51.79  1.90  -0.03   0.5973   N    0.00    0.00    0.00    0.00    0.00    0.00 0 0 0 0 0   -1   -1   -1
 61  5356   O.2   35.68   36.68   50.90  1.66  -0.40  -0.5679   P   35.81   36.03   50.15    0.81   -0.36    0.46 2 0 2 0 2   -1   -1   -1
 62  5357   C.3   34.99   39.66   50.78  1.94   0.36  -0.0036   N    0.00    0.00    0.00    0.00    0.00    0.00 0 0 0 0 0   -1   -1   -1
 63  5358   C.3   35.37   41.18   50.89  1.94  -0.01  -0.0645   N    0.00    0.00    0.00    0.00    0.00    0.00 0 0 0 0 0   -1   -1   -1
 64  5359   C.2   34.56   42.08   49.88  1.90  -0.03   0.6951   N    0.00    0.00    0.00    0.00    0.00    0.00 0 0 0 0 0   -1   -1   -1
 65  5360  N.am   34.55   43.36   50.21  1.83  -0.65  -0.9407   P   34.54   44.33   50.46    0.81    0.15   -0.56 0 2 0 2 2   -1   -1   -1
 66  5361   O.2   33.95   41.67   48.89  1.66  -0.40  -0.6086   P   33.46   41.34   48.09   -0.81   -0.15    0.56 2 0 2 0 2   -1   -1   -1
 67  5390   C.3   30.31   37.19   53.07  1.94  -0.31   0.0188   N    0.00    0.00    0.00    0.00    0.00    0.00 0 0 0 0 0   -1   -1   -1
 68  5391   C.2   29.85   37.68   51.66  1.90  -0.03   0.5973   N    0.00    0.00    0.00    0.00    0.00    0.00 0 0 0 0 0   -1   -1   -1
 69  5392   O.2   30.66   38.08   50.83  1.66  -0.40  -0.5679   P   31.32   38.41   50.15    0.17   -0.94   -0.29 2 0 1 0 2   -1   -1   -1
 70  5406  N.am   28.55   37.55   51.34  1.83  -0.10  -0.4157   P   27.88   37.26   52.02    0.00    0.00    0.00 0 1 0 1 1   -1   -1   -1
 71  5407   C.3   28.14   37.84   49.99  1.94  -0.31  -0.0518   N    0.00    0.00    0.00    0.00    0.00    0.00 0 0 0 0 0   -1   -1   -1
 72  5408   C.2   26.75   38.49   49.91  1.90  -0.03   0.5973   N    0.00    0.00    0.00    0.00    0.00    0.00 0 0 0 0 0   -1   -1   -1
 73  5409   O.2   25.69   37.80   49.99  1.66  -0.40  -0.5679   P   24.85   37.26   50.05   -0.08    0.24    0.97 2 0 2 0 2   -1   -1   -1
 74  5410   C.3   27.98   36.52   49.22  1.94   0.36  -0.1102   N    0.00    0.00    0.00    0.00    0.00    0.00 0 0 0 0 0   -1   -1   -1
 75  5411   C.3   27.54   36.50   47.74  1.94   0.13   0.3531   N    0.00    0.00    0.00    0.00    0.00    0.00 0 0 0 0 0   -1   -1   -1
 76  5412   C.3   28.52   37.45   46.89  1.94   0.53  -0.4121   N    0.00    0.00    0.00    0.00    0.00    0.00 0 0 0 0 0   -1   -1   -1
 77  5413   C.3   27.77   35.03   47.21  1.94   0.53  -0.4121   N    0.00    0.00    0.00    0.00    0.00    0.00 0 0 0 0 0   -1   -1   -1
 78  5425  N.am   26.74   39.77   49.59  1.83  -0.10  -0.4157   P   27.63   40.18   49.40    0.00    0.00    0.00 0 1 0 0 1   -1   -1   -1
 79  5426   C.3   25.57   40.67   49.48  1.94  -0.31  -0.0031   N    0.00    0.00    0.00    0.00    0.00    0.00 0 0 0 0 0   -1   -1   -1
 80  5427   C.2   24.73   40.48   48.14  1.90  -0.03   0.5973   N    0.00    0.00    0.00    0.00    0.00    0.00 0 0 0 0 0   -1   -1   -1
 81  5428   O.2   25.32   39.94   47.21  1.66  -0.40  -0.5679   P   25.80   39.50   46.45   -0.35   -0.89    0.29 2 0 2 0 2   -1   -1   -1
 82  5429   C.3   26.06   42.17   49.66  1.94   0.36  -0.0036   N    0.00    0.00    0.00    0.00    0.00    0.00 0 0 0 0 0   -1   -1   -1
 83  5430   C.3   26.75   42.86   48.48  1.94  -0.01  -0.0645   N    0.00    0.00    0.00    0.00    0.00    0.00 0 0 0 0 0   -1   -1   -1
 84  5431   C.2   28.28   42.77   48.53  1.90  -0.03   0.6951   N    0.00    0.00    0.00    0.00    0.00    0.00 0 0 0 0 0   -1   -1   -1
 85  5432  N.am   29.00   43.82   48.16  1.83  -0.65  -0.9407   P   29.54   44.61   47.88    0.11    0.26    0.96 0 2 0 2 2   -1   -1   -1
 86  5433   O.2   28.85   41.73   48.75  1.66  -0.40  -0.6086   P   29.32   40.87   48.93   -0.11   -0.26   -0.96 2 0 1 0 2   -1   -1   -1
 87  5442  N.am   23.48   40.92   47.98  1.83   0.08  -0.2548   N    0.00    0.00    0.00    0.00    0.00    0.00 0 0 0 0 0   -1   -1   -1
 88  5443   C.3   22.68   40.80   46.77  1.94  -0.31  -0.0266   N    0.00    0.00    0.00    0.00    0.00    0.00 0 0 0 0 0   -1   -1   -1
 89  5444   C.2   23.24   41.28   45.43  1.90  -0.03   0.5896   N    0.00    0.00    0.00    0.00    0.00    0.00 0 0 0 0 0   -1   -1   -1
 90  5445   O.2   24.03   42.23   45.39  1.66  -0.40  -0.5748   P   24.67   43.00   45.36    0.77   -0.64    0.07 2 0 2 0 2   -1   -1   -1
 91  5446   C.3   21.36   41.47   47.16  1.94   0.36  -0.0070   N    0.00    0.00    0.00    0.00    0.00    0.00 0 0 0 0 0   -1   -1   -1
 92  5447   C.3   21.23   41.40   48.66  1.94   0.36   0.0189   N    0.00    0.00    0.00    0.00    0.00    0.00 0 0 0 0 0   -1   -1   -1
 93  5448   C.3   22.71   41.52   49.07  1.94  -0.14   0.0192   N    0.00    0.00    0.00    0.00    0.00    0.00 0 0 0 0 0   -1   -1   -1
 94  5456  N.am   22.85   40.68   44.31  1.83  -0.10  -0.4157   P   22.63   39.70   44.33    0.00    0.00    0.00 0 1 0 0 1   -1   -1   -1
 95  5457   C.3   22.73   41.41   43.05  1.94  -0.31  -0.0249   N    0.00    0.00    0.00    0.00    0.00    0.00 0 0 0 0 0   -1   -1   -1
 96  5458   C.2   21.49   42.28   42.94  1.90  -0.03   0.5973   N    0.00    0.00    0.00    0.00    0.00    0.00 0 0 0 0 0   -1   -1   -1
 97  5459   O.2   20.46   41.95   43.47  1.66  -0.40  -0.5679   P   19.60   41.68   43.91    0.23    0.56    0.79 2 0 0 0 2   -1   -1   -1
 98  5460   C.3   22.92   40.42   41.88  1.94  -0.14   0.2117   N    0.00    0.00    0.00    0.00    0.00    0.00 0 0 0 0 0   -1   -1   -1
 99  5461   O.3   22.86   41.09   40.63  1.74  -0.47  -0.6546   P   22.82   41.56   39.75    0.44   -0.78   -0.44 2 1 2 1 3   -1   -1   -1
100  5467  N.am   21.55   43.38   42.14  1.83  -0.10  -0.4157   P   22.43   43.63   41.73    0.00    0.00    0.00 0 1 0 1 1   -1   -1   -1
101  5468   C.3   20.36   44.24   41.84  1.94  -0.31   0.0143   N    0.00    0.00    0.00    0.00    0.00    0.00 0 0 0 0 0   -1   -1   -1
102  5469   C.2   19.70   43.64   40.56  1.90  -0.03   0.5973   N    0.00    0.00    0.00    0.00    0.00    0.00 0 0 0 0 0   -1   -1   -1
103  5471   C.3   20.88   45.64   41.56  1.94  -0.01  -0.2041   N    0.00    0.00    0.00    0.00    0.00    0.00 0 0 0 0 0   -1   -1   -1
104  5472   C.2   21.35   46.41   42.78  1.90  -0.03   0.7130   N    0.00    0.00    0.00    0.00    0.00    0.00 0 0 0 0 0   -1   -1   -1
105  5473  N.am   20.60   46.50   43.81  1.83  -0.65  -0.9196   P   20.01   46.57   44.62    0.35   -0.88    0.33 0 2 0 2 2   -1   -1   -1
106  5474   O.2   22.46   46.88   42.86  1.66  -0.40  -0.5931   P   23.38   47.27   42.93   -0.35    0.88   -0.33 2 0 2 0 2   -1   -1   -1
107  5487   C.3   19.49   39.72   40.07  1.94   0.53  -0.3204   N    0.00    0.00    0.00    0.00    0.00    0.00 0 0 0 0 0   -1   -1   -1
<End>
