#
# This file is create by LigBuilder/Cavity.
# It stores the parameters for the pocket atoms.
# Creation time: Tue Apr  7 19:56:04 2026
#
# 1st column: ID of the atom
# 2nd column: ID of the atom in the original PDB file
# 3rd column: atom type
# 4th column: X coordinate
# 5th column: Y coordinate
# 6th column: Z coordinate
# 7th column: vdw radius
# 8th column: atomic hydrophobic scale
# 9th column: H-bond character
# 10th column: H-bond root X coordinate
# 11th column: H-bond root Y coordinate
# 12th column: H-bond root Z coordinate
#
<Start>
<Atom_number> 87
  1  3589   C.3   15.25   36.26   39.79  1.94  -0.30  -0.0252   N    0.00    0.00    0.00    0.00    0.00    0.00 0 0 0 0 0   -1   -1   -1
  2  3590   C.2   14.88   36.15   41.31  1.90  -0.03   0.5973   N    0.00    0.00    0.00    0.00    0.00    0.00 0 0 0 0 0   -1   -1   -1
  3  3591   O.2   14.96   37.11   42.03  1.66  -0.40  -0.5679   P   15.03   37.91   42.63   -0.96    0.22   -0.19 2 0 2 0 2   -1   -1   -1
  4  3595  N.am   14.52   34.99   41.77  1.83  -0.10  -0.4157   P   14.67   34.21   41.16    0.00    0.00    0.00 0 1 0 1 1   -1   -1   -1
  5  3596   C.3   13.92   34.69   43.08  1.94  -0.31  -0.0237   N    0.00    0.00    0.00    0.00    0.00    0.00 0 0 0 0 0   -1   -1   -1
  6  3597   C.2   14.89   35.12   44.16  1.90  -0.03   0.5973   N    0.00    0.00    0.00    0.00    0.00    0.00 0 0 0 0 0   -1   -1   -1
  7  3598   O.2   15.97   34.51   44.34  1.66  -0.40  -0.5679   P   16.83   34.02   44.48    0.46    0.64   -0.61 2 0 2 0 2   -1   -1   -1
  8  3612  N.am   14.50   36.15   44.95  1.83  -0.10  -0.4157   P   13.60   36.55   44.79    0.00    0.00    0.00 0 1 0 1 1   -1   -1   -1
  9  3613   C.3   15.35   36.72   46.06  1.94  -0.31  -0.0389   N    0.00    0.00    0.00    0.00    0.00    0.00 0 0 0 0 0   -1   -1   -1
 10  3614   C.2   15.27   35.99   47.36  1.90  -0.03   0.5973   N    0.00    0.00    0.00    0.00    0.00    0.00 0 0 0 0 0   -1   -1   -1
 11  3615   O.2   14.20   35.47   47.70  1.66  -0.40  -0.5679   P   13.34   35.05   47.97    0.31   -0.88   -0.38 2 0 1 0 2   -1   -1   -1
 12  3616   C.3   15.16   38.16   46.17  1.94  -0.20   0.3654   N    0.00    0.00    0.00    0.00    0.00    0.00 0 0 0 0 0   -1   -1   -1
 13  3617   C.3   13.72   38.63   46.55  1.94   0.53  -0.2438   N    0.00    0.00    0.00    0.00    0.00    0.00 0 0 0 0 0   -1   -1   -1
 14  3618   O.3   15.83   38.84   47.17  1.74  -0.47  -0.6761   P   16.31   39.33   47.89    0.67    0.32   -0.67 2 1 1 0 3   -1   -1   -1
 15  3626  N.am   16.32   36.01   48.17  1.83  -0.10  -0.5163   P   17.20   36.31   47.79    0.00    0.00    0.00 0 1 0 0 1   -1   -1   -1
 16  3627   C.3   16.27   35.62   49.59  1.94  -0.31   0.0381   N    0.00    0.00    0.00    0.00    0.00    0.00 0 0 0 0 0   -1   -1   -1
 17  3628   C.2   15.09   36.23   50.40  1.90  -0.03   0.5366   N    0.00    0.00    0.00    0.00    0.00    0.00 0 0 0 0 0   -1   -1   -1
 18  3630   C.3   17.56   35.66   50.39  1.94   0.01  -0.0303   N    0.00    0.00    0.00    0.00    0.00    0.00 0 0 0 0 0   -1   -1   -1
 19  3631   C.2   18.52   36.84   50.13  1.90  -0.03   0.7994   N    0.00    0.00    0.00    0.00    0.00    0.00 0 0 0 0 0   -1   -1   -1
 20  3632 O.co2   19.70   36.73   50.51  1.66  -0.88  -0.8014   P   20.65   36.64   50.82    0.24   -0.41   -0.88 2 0 1 0 2   -1   -1   -1
 21  3633 O.co2   18.15   37.85   49.55  1.66  -0.88  -0.8014   P   17.85   38.68   49.08   -0.24    0.41    0.88 2 0 1 0 2   -1   -1   -1
 22  3638  N.am   14.73   37.49   50.21  1.83  -0.10  -0.5163   P   15.28   38.01   49.56    0.00    0.00    0.00 0 1 0 0 1   -1   -1   -1
 23  3639   C.3   13.64   38.19   50.84  1.94  -0.31   0.0381   N    0.00    0.00    0.00    0.00    0.00    0.00 0 0 0 0 0   -1   -1   -1
 24  3640   C.2   12.24   37.52   50.50  1.90  -0.03   0.5366   N    0.00    0.00    0.00    0.00    0.00    0.00 0 0 0 0 0   -1   -1   -1
 25  3641   O.2   11.29   37.89   51.20  1.66  -0.40  -0.5819   P   10.52   38.19   51.77   -0.14    0.78   -0.61 2 0 2 0 2   -1   -1   -1
 26  3642   C.3   13.61   39.70   50.39  1.94   0.01  -0.0303   N    0.00    0.00    0.00    0.00    0.00    0.00 0 0 0 0 0   -1   -1   -1
 27  3643   C.2   14.91   40.49   50.47  1.90  -0.03   0.7994   N    0.00    0.00    0.00    0.00    0.00    0.00 0 0 0 0 0   -1   -1   -1
 28  3644 O.co2   14.87   41.67   50.02  1.66  -0.88  -0.8014   P   14.84   42.60   49.66   -0.32    0.33    0.89 2 0 2 0 2   -1   -1   -1
 29  3645 O.co2   15.98   40.03   51.02  1.66  -0.88  -0.8014   P   16.81   39.67   51.45    0.32   -0.33   -0.89 2 0 2 0 2   -1   -1   -1
 30  3650  N.am   12.18   36.67   49.42  1.83  -0.10  -0.4157   P   12.97   36.66   48.81    0.00    0.00    0.00 0 1 0 1 1   -1   -1   -1
 31  3651   C.3   11.06   35.76   49.06  1.94  -0.31   0.0337   N    0.00    0.00    0.00    0.00    0.00    0.00 0 0 0 0 0   -1   -1   -1
 32  3654   C.3   10.63   36.15   47.62  1.94   0.53  -0.1825   N    0.00    0.00    0.00    0.00    0.00    0.00 0 0 0 0 0   -1   -1   -1
 33  4260   C.3   19.58   35.94   43.81  1.94  -0.31   0.0143   N    0.00    0.00    0.00    0.00    0.00    0.00 0 0 0 0 0   -1   -1   -1
 34  4261   C.2   19.58   35.76   45.35  1.90  -0.03   0.5973   N    0.00    0.00    0.00    0.00    0.00    0.00 0 0 0 0 0   -1   -1   -1
 35  4262   O.2   18.92   36.40   46.12  1.66  -0.40  -0.5679   P   18.37   36.93   46.76   -0.75   -0.66   -0.09 2 0 1 0 2   -1   -1   -1
 36  4263   C.3   18.95   37.27   43.42  1.94  -0.01  -0.2041   N    0.00    0.00    0.00    0.00    0.00    0.00 0 0 0 0 0   -1   -1   -1
 37  4264   C.2   19.71   38.50   43.75  1.90  -0.03   0.7130   N    0.00    0.00    0.00    0.00    0.00    0.00 0 0 0 0 0   -1   -1   -1
 38  4265  N.am   19.00   39.58   43.94  1.83  -0.65  -0.9196   P   18.46   40.41   44.09   -0.24   -0.32    0.92 0 2 0 1 2   -1   -1   -1
 39  4266   O.2   20.87   38.51   44.06  1.66  -0.40  -0.5931   P   21.84   38.52   44.32    0.24    0.32   -0.92 2 0 1 0 2   -1   -1   -1
 40  4297   C.3   22.61   38.10   50.56  1.94   0.53  -0.2438   N    0.00    0.00    0.00    0.00    0.00    0.00 0 0 0 0 0   -1   -1   -1
 41  5427   C.2   24.73   40.48   48.14  1.90  -0.03   0.5973   N    0.00    0.00    0.00    0.00    0.00    0.00 0 0 0 0 0   -1   -1   -1
 42  5428   O.2   25.32   39.94   47.21  1.66  -0.40  -0.5679   P   25.80   39.50   46.45   -0.35   -0.89    0.29 2 0 2 0 2   -1   -1   -1
 43  5442  N.am   23.48   40.92   47.98  1.83   0.08  -0.2548   N    0.00    0.00    0.00    0.00    0.00    0.00 0 0 0 0 0   -1   -1   -1
 44  5443   C.3   22.68   40.80   46.77  1.94  -0.31  -0.0266   N    0.00    0.00    0.00    0.00    0.00    0.00 0 0 0 0 0   -1   -1   -1
 45  5444   C.2   23.24   41.28   45.43  1.90  -0.03   0.5896   N    0.00    0.00    0.00    0.00    0.00    0.00 0 0 0 0 0   -1   -1   -1
 46  5445   O.2   24.03   42.23   45.39  1.66  -0.40  -0.5748   P   24.67   43.00   45.36    0.77   -0.64    0.07 2 0 2 0 2   -1   -1   -1
 47  5446   C.3   21.36   41.47   47.16  1.94   0.36  -0.0070   N    0.00    0.00    0.00    0.00    0.00    0.00 0 0 0 0 0   -1   -1   -1
 48  5447   C.3   21.23   41.40   48.66  1.94   0.36   0.0189   N    0.00    0.00    0.00    0.00    0.00    0.00 0 0 0 0 0   -1   -1   -1
 49  5448   C.3   22.71   41.52   49.07  1.94  -0.14   0.0192   N    0.00    0.00    0.00    0.00    0.00    0.00 0 0 0 0 0   -1   -1   -1
 50  5456  N.am   22.85   40.68   44.31  1.83  -0.10  -0.4157   P   22.63   39.70   44.33    0.00    0.00    0.00 0 1 0 0 1   -1   -1   -1
 51  5457   C.3   22.73   41.41   43.05  1.94  -0.31  -0.0249   N    0.00    0.00    0.00    0.00    0.00    0.00 0 0 0 0 0   -1   -1   -1
 52  5458   C.2   21.49   42.28   42.94  1.90  -0.03   0.5973   N    0.00    0.00    0.00    0.00    0.00    0.00 0 0 0 0 0   -1   -1   -1
 53  5459   O.2   20.46   41.95   43.47  1.66  -0.40  -0.5679   P   19.60   41.68   43.91    0.23    0.56    0.79 2 0 0 0 2   -1   -1   -1
 54  5460   C.3   22.92   40.42   41.88  1.94  -0.14   0.2117   N    0.00    0.00    0.00    0.00    0.00    0.00 0 0 0 0 0   -1   -1   -1
 55  5461   O.3   22.86   41.09   40.63  1.74  -0.47  -0.6546   P   22.82   41.56   39.75    0.44   -0.78   -0.44 2 1 2 1 3   -1   -1   -1
 56  5467  N.am   21.55   43.38   42.14  1.83  -0.10  -0.4157   P   22.43   43.63   41.73    0.00    0.00    0.00 0 1 0 1 1   -1   -1   -1
 57  5468   C.3   20.36   44.24   41.84  1.94  -0.31   0.0143   N    0.00    0.00    0.00    0.00    0.00    0.00 0 0 0 0 0   -1   -1   -1
 58  5469   C.2   19.70   43.64   40.56  1.90  -0.03   0.5973   N    0.00    0.00    0.00    0.00    0.00    0.00 0 0 0 0 0   -1   -1   -1
 59  5470   O.2   19.65   44.29   39.51  1.66  -0.40  -0.5679   P   19.61   44.82   38.66    0.84   -0.44   -0.31 2 0 2 0 2   -1   -1   -1
 60  5471   C.3   20.88   45.64   41.56  1.94  -0.01  -0.2041   N    0.00    0.00    0.00    0.00    0.00    0.00 0 0 0 0 0   -1   -1   -1
 61  5472   C.2   21.35   46.41   42.78  1.90  -0.03   0.7130   N    0.00    0.00    0.00    0.00    0.00    0.00 0 0 0 0 0   -1   -1   -1
 62  5473  N.am   20.60   46.50   43.81  1.83  -0.65  -0.9196   P   20.01   46.57   44.62    0.35   -0.88    0.33 0 2 0 2 2   -1   -1   -1
 63  5474   O.2   22.46   46.88   42.86  1.66  -0.40  -0.5931   P   23.38   47.27   42.93   -0.35    0.88   -0.33 2 0 2 0 2   -1   -1   -1
 64  5481  N.am   19.12   42.45   40.68  1.83  -0.10  -0.4157   P   19.26   41.91   41.51    0.00    0.00    0.00 0 1 0 0 1   -1   -1   -1
 65  5482   C.3   18.26   41.91   39.58  1.94  -0.31  -0.0597   N    0.00    0.00    0.00    0.00    0.00    0.00 0 0 0 0 0   -1   -1   -1
 66  5483   C.2   16.82   41.67   39.99  1.90  -0.03   0.5973   N    0.00    0.00    0.00    0.00    0.00    0.00 0 0 0 0 0   -1   -1   -1
 67  5484   O.2   16.61   41.00   41.05  1.66  -0.40  -0.5679   P   16.44   40.47   41.88   -0.03    0.85    0.53 2 0 2 0 2   -1   -1   -1
 68  5485   C.3   18.92   40.65   38.93  1.94   0.13   0.1303   N    0.00    0.00    0.00    0.00    0.00    0.00 0 0 0 0 0   -1   -1   -1
 69  5486   C.3   18.03   39.88   37.96  1.94   0.36  -0.0430   N    0.00    0.00    0.00    0.00    0.00    0.00 0 0 0 0 0   -1   -1   -1
 70  5487   C.3   19.49   39.72   40.07  1.94   0.53  -0.3204   N    0.00    0.00    0.00    0.00    0.00    0.00 0 0 0 0 0   -1   -1   -1
 71  5500  N.am   15.78   42.12   39.20  1.83   0.08  -0.2548   N    0.00    0.00    0.00    0.00    0.00    0.00 0 0 0 0 0   -1   -1   -1
 72  5501   C.3   14.36   41.95   39.65  1.94  -0.31  -0.0266   N    0.00    0.00    0.00    0.00    0.00    0.00 0 0 0 0 0   -1   -1   -1
 73  5502   C.2   13.82   40.46   39.82  1.90  -0.03   0.5896   N    0.00    0.00    0.00    0.00    0.00    0.00 0 0 0 0 0   -1   -1   -1
 74  5503   O.2   14.14   39.64   38.95  1.66  -0.40  -0.5748   P   14.40   38.98   38.25    0.71   -0.36    0.60 2 0 2 0 2   -1   -1   -1
 75  5504   C.3   13.44   42.78   38.66  1.94   0.36  -0.0070   N    0.00    0.00    0.00    0.00    0.00    0.00 0 0 0 0 0   -1   -1   -1
 76  5505   C.3   14.48   43.85   38.18  1.94   0.36   0.0189   N    0.00    0.00    0.00    0.00    0.00    0.00 0 0 0 0 0   -1   -1   -1
 77  5506   C.3   15.80   42.96   38.05  1.94  -0.14   0.0192   N    0.00    0.00    0.00    0.00    0.00    0.00 0 0 0 0 0   -1   -1   -1
 78  5514  N.am   12.89   40.14   40.72  1.83  -0.10  -0.4157   P   12.65   40.85   41.38    0.00    0.00    0.00 0 1 0 1 1   -1   -1   -1
 79  5515   C.3   12.19   38.90   40.85  1.94  -0.31   0.0143   N    0.00    0.00    0.00    0.00    0.00    0.00 0 0 0 0 0   -1   -1   -1
 80  5516   C.2   10.82   38.78   40.09  1.90  -0.03   0.5973   N    0.00    0.00    0.00    0.00    0.00    0.00 0 0 0 0 0   -1   -1   -1
 81  5517   O.2   10.11   39.79   40.18  1.66  -0.40  -0.5679   P    9.54   40.61   40.25    0.50    0.42   -0.75 2 0 2 0 2   -1   -1   -1
 82  5518   C.3   11.95   38.75   42.37  1.94  -0.01  -0.2041   N    0.00    0.00    0.00    0.00    0.00    0.00 0 0 0 0 0   -1   -1   -1
 83  5519   C.2   11.30   37.43   42.74  1.90  -0.03   0.7130   N    0.00    0.00    0.00    0.00    0.00    0.00 0 0 0 0 0   -1   -1   -1
 84  5520  N.am   10.91   37.32   43.95  1.83  -0.65  -0.9196   P   10.60   37.23   44.90   -0.93    0.23   -0.28 0 2 0 2 2   -1   -1   -1
 85  5521   O.2   11.29   36.44   41.97  1.66  -0.40  -0.5931   P   11.28   35.65   41.36    0.93   -0.23    0.28 2 0 1 0 2   -1   -1   -1
 86  5528  N.am   10.59   37.71   39.34  1.83  -0.10  -0.4157   P   11.33   37.07   39.16    0.00    0.00    0.00 0 1 0 0 1   -1   -1   -1
 87  5552   O.2    7.67   36.66   43.60  1.66  -0.40  -0.5679   P    8.07   36.93   44.48    0.51    0.73   -0.45 2 0 2 0 2   -1   -1   -1
<End>
