#
# This file is create by LigBuilder/Cavity.
# It stores the parameters for the pocket atoms.
# Creation time: Tue Apr  7 19:56:50 2026
#
# 1st column: ID of the atom
# 2nd column: ID of the atom in the original PDB file
# 3rd column: atom type
# 4th column: X coordinate
# 5th column: Y coordinate
# 6th column: Z coordinate
# 7th column: vdw radius
# 8th column: atomic hydrophobic scale
# 9th column: H-bond character
# 10th column: H-bond root X coordinate
# 11th column: H-bond root Y coordinate
# 12th column: H-bond root Z coordinate
#
<Start>
<Atom_number> 135
  1   293  N.am   40.37   16.28   37.45  1.83  -0.10  -0.4157   P   40.77   15.56   36.89    0.00    0.00    0.00 0 1 0 1 1   -1   -1   -1
  2   294   C.3   39.59   17.36   36.81  1.94  -0.31  -0.0014   N    0.00    0.00    0.00    0.00    0.00    0.00 0 0 0 0 0   -1   -1   -1
  3   295   C.2   38.98   16.81   35.51  1.90  -0.03   0.5973   N    0.00    0.00    0.00    0.00    0.00    0.00 0 0 0 0 0   -1   -1   -1
  4   296   O.2   39.61   16.00   34.84  1.66  -0.40  -0.5679   P   40.12   15.34   34.29   -0.51   -0.75    0.42 2 0 2 0 2   -1   -1   -1
  5   297   C.3   40.53   18.55   36.57  1.94  -0.01  -0.0152   N    0.00    0.00    0.00    0.00    0.00    0.00 0 0 0 0 0   -1   -1   -1
  6   298  C.ar   39.82   19.62   35.80  1.85   0.30  -0.0011   N    0.00    0.00    0.00    0.00    0.00    0.00 0 0 0 0 0   -1   -1   -1
  7   299  C.ar   38.69   20.26   36.29  1.85   0.34  -0.1906   N    0.00    0.00    0.00    0.00    0.00    0.00 0 0 0 0 0   -1   -1   -1
  8   300  C.ar   40.29   20.00   34.61  1.85   0.34  -0.1906   N    0.00    0.00    0.00    0.00    0.00    0.00 0 0 0 0 0   -1   -1   -1
  9   302  C.ar   39.68   21.06   33.90  1.85   0.34  -0.2341   N    0.00    0.00    0.00    0.00    0.00    0.00 0 0 0 0 0   -1   -1   -1
 10   303  C.ar   38.45   21.60   34.24  1.85  -0.15   0.3226   N    0.00    0.00    0.00    0.00    0.00    0.00 0 0 0 0 0   -1   -1   -1
 11   304   O.3   37.88   22.51   33.39  1.74   0.08  -0.5579   P   37.46   23.17   32.77    0.69   -0.21   -0.69 2 1 2 0 3   -1   -1   -1
 12   314  N.am   37.83   17.35   35.07  1.83  -0.10  -0.4157   P   37.48   18.15   35.56    0.00    0.00    0.00 0 1 0 1 1   -1   -1   -1
 13   315   C.3   37.07   16.88   33.98  1.94  -0.31  -0.0014   N    0.00    0.00    0.00    0.00    0.00    0.00 0 0 0 0 0   -1   -1   -1
 14   316   C.2   37.69   17.23   32.61  1.90  -0.03   0.5973   N    0.00    0.00    0.00    0.00    0.00    0.00 0 0 0 0 0   -1   -1   -1
 15   317   O.2   37.31   16.55   31.67  1.66  -0.40  -0.5679   P   37.00   15.99   30.90   -0.71    0.67   -0.20 2 0 2 0 2   -1   -1   -1
 16   318   C.3   35.58   17.39   34.10  1.94  -0.01  -0.0152   N    0.00    0.00    0.00    0.00    0.00    0.00 0 0 0 0 0   -1   -1   -1
 17   335  N.am   38.68   18.23   32.46  1.83  -0.10  -0.4157   P   38.82   18.86   33.23    0.00    0.00    0.00 0 1 0 1 1   -1   -1   -1
 18   336   C.3   39.52   18.42   31.27  1.94  -0.30  -0.0252   N    0.00    0.00    0.00    0.00    0.00    0.00 0 0 0 0 0   -1   -1   -1
 19   337   C.2   38.94   19.44   30.34  1.90  -0.03   0.5973   N    0.00    0.00    0.00    0.00    0.00    0.00 0 0 0 0 0   -1   -1   -1
 20   338   O.2   37.72   19.59   30.20  1.66  -0.40  -0.5679   P   36.73   19.71   30.09    0.02    0.77    0.64 2 0 1 0 2   -1   -1   -1
 21   342  N.am   39.89   20.02   29.62  1.83  -0.10  -0.4157   P   40.82   19.78   29.89    0.00    0.00    0.00 0 1 0 1 1   -1   -1   -1
 22   343   C.3   39.80   20.95   28.49  1.94  -0.31   0.0337   N    0.00    0.00    0.00    0.00    0.00    0.00 0 0 0 0 0   -1   -1   -1
 23   344   C.2   38.78   22.10   28.61  1.90  -0.03   0.5973   N    0.00    0.00    0.00    0.00    0.00    0.00 0 0 0 0 0   -1   -1   -1
 24   345   O.2   38.23   22.41   27.59  1.66  -0.40  -0.5679   P   37.77   22.67   26.74   -0.61   -0.79    0.09 2 0 2 0 2   -1   -1   -1
 25   346   C.3   39.71   20.06   27.23  1.94   0.53  -0.1825   N    0.00    0.00    0.00    0.00    0.00    0.00 0 0 0 0 0   -1   -1   -1
 26   352  N.am   38.35   22.57   29.81  1.83  -0.10  -0.4157   P   38.71   22.10   30.62    0.00    0.00    0.00 0 1 0 1 1   -1   -1   -1
 27   353   C.3   37.43   23.67   30.06  1.94  -0.30  -0.0252   N    0.00    0.00    0.00    0.00    0.00    0.00 0 0 0 0 0   -1   -1   -1
 28   354   C.2   36.08   23.34   30.68  1.90  -0.03   0.5973   N    0.00    0.00    0.00    0.00    0.00    0.00 0 0 0 0 0   -1   -1   -1
 29   355   O.2   35.26   24.26   30.69  1.66  -0.40  -0.5679   P   34.59   25.01   30.70   -0.26   -0.22   -0.94 2 0 2 0 2   -1   -1   -1
 30   359  N.am   35.82   22.10   31.05  1.83  -0.10  -0.4157   P   36.54   21.42   30.89    0.00    0.00    0.00 0 1 0 0 1   -1   -1   -1
 31   360   C.3   34.56   21.62   31.68  1.94  -0.31   0.0188   N    0.00    0.00    0.00    0.00    0.00    0.00 0 0 0 0 0   -1   -1   -1
 32   361   C.2   34.25   22.35   32.96  1.90  -0.03   0.5973   N    0.00    0.00    0.00    0.00    0.00    0.00 0 0 0 0 0   -1   -1   -1
 33   362   O.2   35.18   22.61   33.70  1.66  -0.40  -0.5679   P   35.94   22.82   34.31    0.17    0.84   -0.51 2 0 1 0 2   -1   -1   -1
 34   363   C.3   34.67   20.13   31.86  1.94  -0.01  -0.0462   N    0.00    0.00    0.00    0.00    0.00    0.00 0 0 0 0 0   -1   -1   -1
 35   364  C.ar   33.37   19.61   32.36  1.90  -0.03  -0.0266   N    0.00    0.00    0.00    0.00    0.00    0.00 0 0 0 0 0   -1   -1   -1
 36   365  C.ar   32.42   18.89   31.65  1.90  -0.31   0.1292   N    0.00    0.00    0.00    0.00    0.00    0.00 0 0 0 0 0   -1   -1   -1
 37   366  N.ar   32.97   19.78   33.70  1.87   0.14  -0.3811   P   33.47   20.21   34.45    0.00    0.00    0.00 1 1 0 0 1   38   -1   36
 38   367  C.ar   31.77   19.24   33.72  1.90  -0.31   0.2057   N    0.00    0.00    0.00    0.00    0.00    0.00 0 0 0 0 0   -1   -1   -1
 39   368  N.ar   31.44   18.60   32.61  1.87   0.14  -0.5727   P   30.64   18.02   32.48    0.00    0.00    0.00 1 1 0 1 1   36   -1   38
 40   376  N.am   33.04   22.80   33.29  1.83   0.08  -0.2548   N    0.00    0.00    0.00    0.00    0.00    0.00 0 0 0 0 0   -1   -1   -1
 41   377   C.3   32.80   23.66   34.48  1.94  -0.31  -0.0266   N    0.00    0.00    0.00    0.00    0.00    0.00 0 0 0 0 0   -1   -1   -1
 42   378   C.2   32.77   22.95   35.79  1.90  -0.03   0.5896   N    0.00    0.00    0.00    0.00    0.00    0.00 0 0 0 0 0   -1   -1   -1
 43   380   C.3   31.50   24.39   34.17  1.94   0.36  -0.0070   N    0.00    0.00    0.00    0.00    0.00    0.00 0 0 0 0 0   -1   -1   -1
 44   381   C.3   31.05   23.94   32.78  1.94   0.36   0.0189   N    0.00    0.00    0.00    0.00    0.00    0.00 0 0 0 0 0   -1   -1   -1
 45   382   C.3   31.84   22.63   32.49  1.94  -0.14   0.0192   N    0.00    0.00    0.00    0.00    0.00    0.00 0 0 0 0 0   -1   -1   -1
 46   390  N.am   33.10   21.63   35.98  1.83  -0.10  -0.4157   P   33.32   21.07   35.18    0.00    0.00    0.00 0 1 0 0 1   -1   -1   -1
 47  1265   C.3   41.11    8.39   27.81  1.94  -0.31  -0.0518   N    0.00    0.00    0.00    0.00    0.00    0.00 0 0 0 0 0   -1   -1   -1
 48  1266   C.2   42.06    8.06   26.64  1.90  -0.03   0.5973   N    0.00    0.00    0.00    0.00    0.00    0.00 0 0 0 0 0   -1   -1   -1
 49  1267   O.2   41.88    8.42   25.50  1.66  -0.40  -0.5679   P   41.73    8.72   24.56    0.43    0.88    0.21 2 0 2 0 2   -1   -1   -1
 50  1268   C.3   41.39    9.75   28.46  1.94   0.36  -0.1102   N    0.00    0.00    0.00    0.00    0.00    0.00 0 0 0 0 0   -1   -1   -1
 51  1269   C.3   41.28   10.96   27.51  1.94   0.13   0.3531   N    0.00    0.00    0.00    0.00    0.00    0.00 0 0 0 0 0   -1   -1   -1
 52  1270   C.3   39.85   11.39   27.13  1.94   0.53  -0.4121   N    0.00    0.00    0.00    0.00    0.00    0.00 0 0 0 0 0   -1   -1   -1
 53  1271   C.3   41.76   12.30   28.25  1.94   0.53  -0.4121   N    0.00    0.00    0.00    0.00    0.00    0.00 0 0 0 0 0   -1   -1   -1
 54  1316   C.3   38.93    8.28   24.21  1.94  -0.01  -0.0152   N    0.00    0.00    0.00    0.00    0.00    0.00 0 0 0 0 0   -1   -1   -1
 55  1317  C.ar   37.58    8.94   24.05  1.85   0.30  -0.0011   N    0.00    0.00    0.00    0.00    0.00    0.00 0 0 0 0 0   -1   -1   -1
 56  1318  C.ar   37.42    9.79   22.95  1.85   0.34  -0.1906   N    0.00    0.00    0.00    0.00    0.00    0.00 0 0 0 0 0   -1   -1   -1
 57  1319  C.ar   36.68    9.07   25.15  1.85   0.34  -0.1906   N    0.00    0.00    0.00    0.00    0.00    0.00 0 0 0 0 0   -1   -1   -1
 58  1320  C.ar   36.29   10.62   22.82  1.85   0.34  -0.2341   N    0.00    0.00    0.00    0.00    0.00    0.00 0 0 0 0 0   -1   -1   -1
 59  1321  C.ar   35.56    9.97   25.01  1.85   0.34  -0.2341   N    0.00    0.00    0.00    0.00    0.00    0.00 0 0 0 0 0   -1   -1   -1
 60  1322  C.ar   35.33   10.69   23.84  1.85  -0.15   0.3226   N    0.00    0.00    0.00    0.00    0.00    0.00 0 0 0 0 0   -1   -1   -1
 61  1323   O.3   34.13   11.28   23.65  1.74   0.08  -0.5579   P   33.24   11.72   23.51    0.45    0.77   -0.45 2 1 1 1 3   -1   -1   -1
 62  1559  N.am   31.14   11.48   27.23  1.83  -0.10  -0.4157   P   31.37   11.89   28.11    0.00    0.00    0.00 0 1 0 0 1   -1   -1   -1
 63  1560   C.3   31.80   11.93   26.00  1.94  -0.30  -0.0252   N    0.00    0.00    0.00    0.00    0.00    0.00 0 0 0 0 0   -1   -1   -1
 64  1561   C.2   31.97   13.39   25.72  1.90  -0.03   0.5973   N    0.00    0.00    0.00    0.00    0.00    0.00 0 0 0 0 0   -1   -1   -1
 65  1562   O.2   31.50   14.26   26.42  1.66  -0.40  -0.5679   P   31.11   14.98   27.00    0.83   -0.01    0.56 2 0 0 0 2   -1   -1   -1
 66  1566  N.am   32.72   13.75   24.63  1.83  -0.10  -0.5163   P   33.08   12.99   24.08    0.00    0.00    0.00 0 1 0 0 1   -1   -1   -1
 67  1567   C.3   33.08   15.13   24.14  1.94  -0.31   0.0397   N    0.00    0.00    0.00    0.00    0.00    0.00 0 0 0 0 0   -1   -1   -1
 68  1568   C.2   31.83   16.07   23.97  1.90  -0.03   0.5366   N    0.00    0.00    0.00    0.00    0.00    0.00 0 0 0 0 0   -1   -1   -1
 69  1569   O.2   31.81   17.23   24.41  1.66  -0.40  -0.5819   P   31.79   18.16   24.76    0.25    0.35   -0.90 2 0 2 0 2   -1   -1   -1
 70  1570   C.3   33.93   15.10   22.91  1.94   0.36   0.0560   N    0.00    0.00    0.00    0.00    0.00    0.00 0 0 0 0 0   -1   -1   -1
 71  1571   C.3   35.39   14.83   23.22  1.94  -0.01   0.0136   N    0.00    0.00    0.00    0.00    0.00    0.00 0 0 0 0 0   -1   -1   -1
 72  1572   C.2   35.90   15.71   24.40  1.90  -0.03   0.8054   N    0.00    0.00    0.00    0.00    0.00    0.00 0 0 0 0 0   -1   -1   -1
 73  1573 O.co2   35.64   16.92   24.26  1.66  -0.88  -0.8188   P   35.43   17.89   24.15   -0.94   -0.17    0.28 2 0 2 0 2   -1   -1   -1
 74  1574 O.co2   36.30   15.20   25.44  1.66  -0.88  -0.8188   P   36.63   14.78   26.29    0.94    0.17   -0.28 2 0 2 0 2   -1   -1   -1
 75  1581  N.am   30.75   15.50   23.45  1.83  -0.10  -0.4157   P   30.74   14.51   23.31    0.00    0.00    0.00 0 1 0 1 1   -1   -1   -1
 76  1582   C.3   29.59   16.26   23.08  1.94  -0.31   0.0337   N    0.00    0.00    0.00    0.00    0.00    0.00 0 0 0 0 0   -1   -1   -1
 77  1583   C.2   28.53   16.37   24.22  1.90  -0.03   0.5973   N    0.00    0.00    0.00    0.00    0.00    0.00 0 0 0 0 0   -1   -1   -1
 78  1584   O.2   27.37   16.77   24.02  1.66  -0.40  -0.5679   P   26.44   17.09   23.86   -0.31   -0.95   -0.07 2 0 2 0 2   -1   -1   -1
 79  1585   C.3   29.02   15.61   21.84  1.94   0.53  -0.1825   N    0.00    0.00    0.00    0.00    0.00    0.00 0 0 0 0 0   -1   -1   -1
 80  1591  N.am   28.97   16.13   25.47  1.83  -0.10  -0.4157   P   29.95   16.10   25.66    0.00    0.00    0.00 0 1 0 0 1   -1   -1   -1
 81  1592   C.3   27.99   15.91   26.55  1.94  -0.31  -0.0389   N    0.00    0.00    0.00    0.00    0.00    0.00 0 0 0 0 0   -1   -1   -1
 82  1593   C.2   28.31   16.73   27.75  1.90  -0.03   0.5973   N    0.00    0.00    0.00    0.00    0.00    0.00 0 0 0 0 0   -1   -1   -1
 83  1594   O.2   29.24   17.52   27.71  1.66  -0.40  -0.5679   P   30.00   18.17   27.68   -0.61    0.70   -0.36 2 0 2 0 2   -1   -1   -1
 84  1595   C.3   28.13   14.39   26.85  1.94  -0.20   0.3654   N    0.00    0.00    0.00    0.00    0.00    0.00 0 0 0 0 0   -1   -1   -1
 85  1596   C.3   28.33   13.28   25.74  1.94   0.53  -0.2438   N    0.00    0.00    0.00    0.00    0.00    0.00 0 0 0 0 0   -1   -1   -1
 86  1597   O.3   29.25   14.19   27.70  1.74  -0.47  -0.6761   P   30.04   14.05   28.30   -0.51   -0.69    0.51 2 1 1 0 3   -1   -1   -1
 87  1605  N.am   27.53   16.58   28.80  1.83  -0.10  -0.5163   P   26.68   16.06   28.71    0.00    0.00    0.00 0 1 0 1 1   -1   -1   -1
 88  1606   C.3   27.87   17.16   30.11  1.94  -0.31   0.0381   N    0.00    0.00    0.00    0.00    0.00    0.00 0 0 0 0 0   -1   -1   -1
 89  1607   C.2   28.77   16.37   31.05  1.90  -0.03   0.5366   N    0.00    0.00    0.00    0.00    0.00    0.00 0 0 0 0 0   -1   -1   -1
 90  1608   O.2   29.26   16.86   32.07  1.66  -0.40  -0.5819   P   29.66   17.26   32.90   -0.68   -0.48    0.56 2 0 1 0 2   -1   -1   -1
 91  1609   C.3   26.48   17.39   30.73  1.94   0.01  -0.0303   N    0.00    0.00    0.00    0.00    0.00    0.00 0 0 0 0 0   -1   -1   -1
 92  1610   C.2   25.50   18.22   30.02  1.90  -0.03   0.7994   N    0.00    0.00    0.00    0.00    0.00    0.00 0 0 0 0 0   -1   -1   -1
 93  1611 O.co2   25.80   18.90   28.99  1.66  -0.88  -0.8014   P   26.04   19.44   28.18   -0.18   -0.80   -0.58 2 0 2 0 2   -1   -1   -1
 94  1612 O.co2   24.32   18.23   30.38  1.66  -0.88  -0.8014   P   23.36   18.24   30.67    0.18    0.80    0.58 2 0 2 0 2   -1   -1   -1
 95  1617  N.am   29.18   15.21   30.56  1.83  -0.10  -0.4157   P   28.87   14.98   29.64    0.00    0.00    0.00 0 1 0 0 1   -1   -1   -1
 96  1618   C.3   30.02   14.26   31.22  1.94  -0.31   0.0213   N    0.00    0.00    0.00    0.00    0.00    0.00 0 0 0 0 0   -1   -1   -1
 97  1619   C.2   31.05   13.63   30.34  1.90  -0.03   0.5973   N    0.00    0.00    0.00    0.00    0.00    0.00 0 0 0 0 0   -1   -1   -1
 98  1620   O.2   30.98   12.42   30.05  1.66  -0.40  -0.5679   P   30.92   11.45   29.82   -0.43    0.23   -0.87 2 0 1 0 2   -1   -1   -1
 99  1628  N.am   32.15   14.37   29.99  1.83   0.08  -0.2548   N    0.00    0.00    0.00    0.00    0.00    0.00 0 0 0 0 0   -1   -1   -1
100  1629   C.3   33.32   13.84   29.35  1.94  -0.31  -0.0266   N    0.00    0.00    0.00    0.00    0.00    0.00 0 0 0 0 0   -1   -1   -1
101  1630   C.2   34.21   12.80   30.06  1.90  -0.03   0.5896   N    0.00    0.00    0.00    0.00    0.00    0.00 0 0 0 0 0   -1   -1   -1
102  1631   O.2   34.02   12.53   31.23  1.66  -0.40  -0.5748   P   33.86   12.31   32.19   -0.81   -0.53   -0.25 2 0 1 0 2   -1   -1   -1
103  1632   C.3   34.14   15.08   28.91  1.94   0.36  -0.0070   N    0.00    0.00    0.00    0.00    0.00    0.00 0 0 0 0 0   -1   -1   -1
104  1633   C.3   33.93   16.02   30.09  1.94   0.36   0.0189   N    0.00    0.00    0.00    0.00    0.00    0.00 0 0 0 0 0   -1   -1   -1
105  1634   C.3   32.46   15.73   30.36  1.94  -0.14   0.0192   N    0.00    0.00    0.00    0.00    0.00    0.00 0 0 0 0 0   -1   -1   -1
106  1642  N.am   34.96   12.01   29.30  1.83  -0.10  -0.4157   P   34.75   11.96   28.32    0.00    0.00    0.00 0 1 0 1 1   -1   -1   -1
107  1643   C.3   36.08   11.21   29.81  1.94  -0.31  -0.0875   N    0.00    0.00    0.00    0.00    0.00    0.00 0 0 0 0 0   -1   -1   -1
108  1644   C.2   37.27   11.95   30.40  1.90  -0.03   0.5973   N    0.00    0.00    0.00    0.00    0.00    0.00 0 0 0 0 0   -1   -1   -1
109  1645   O.2   37.74   12.80   29.69  1.66  -0.40  -0.5679   P   38.13   13.51   29.10   -0.43    0.71    0.56 2 0 2 0 2   -1   -1   -1
110  1646   C.3   36.49   10.04   28.87  1.94   0.13   0.2985   N    0.00    0.00    0.00    0.00    0.00    0.00 0 0 0 0 0   -1   -1   -1
111  1647   C.3   37.41    8.89   29.37  1.94   0.53  -0.3192   N    0.00    0.00    0.00    0.00    0.00    0.00 0 0 0 0 0   -1   -1   -1
112  1658  N.am   37.93   11.51   31.46  1.83  -0.10  -0.4157   P   37.56   10.71   31.94    0.00    0.00    0.00 0 1 0 1 1   -1   -1   -1
113  1659   C.3   39.15   12.10   31.98  1.94  -0.31  -0.0024   N    0.00    0.00    0.00    0.00    0.00    0.00 0 0 0 0 0   -1   -1   -1
114  1660   C.2   39.83   11.17   32.88  1.90  -0.03   0.5973   N    0.00    0.00    0.00    0.00    0.00    0.00 0 0 0 0 0   -1   -1   -1
115  1661   O.2   39.34   10.16   33.35  1.66  -0.40  -0.5679   P   38.94    9.33   33.74    0.24   -0.50   -0.83 2 0 1 0 2   -1   -1   -1
116  1662   C.3   38.72   13.34   32.77  1.94  -0.01  -0.0343   N    0.00    0.00    0.00    0.00    0.00    0.00 0 0 0 0 0   -1   -1   -1
117  1663  C.ar   37.74   13.25   33.97  1.85   0.30   0.0118   N    0.00    0.00    0.00    0.00    0.00    0.00 0 0 0 0 0   -1   -1   -1
118  1664  C.ar   36.41   13.42   33.69  1.85   0.34  -0.1256   N    0.00    0.00    0.00    0.00    0.00    0.00 0 0 0 0 0   -1   -1   -1
119  1665  C.ar   38.18   13.26   35.35  1.85   0.34  -0.1256   N    0.00    0.00    0.00    0.00    0.00    0.00 0 0 0 0 0   -1   -1   -1
120  1666  C.ar   35.49   13.80   34.72  1.85   0.34  -0.1704   N    0.00    0.00    0.00    0.00    0.00    0.00 0 0 0 0 0   -1   -1   -1
121  1667  C.ar   37.19   13.32   36.36  1.85   0.34  -0.1704   N    0.00    0.00    0.00    0.00    0.00    0.00 0 0 0 0 0   -1   -1   -1
122  1678  N.am   41.10   11.37   33.13  1.83  -0.10  -0.5163   P   41.51   12.20   32.77    0.00    0.00    0.00 0 1 0 0 1   -1   -1   -1
123  1679   C.3   41.95   10.48   33.89  1.94  -0.31   0.0381   N    0.00    0.00    0.00    0.00    0.00    0.00 0 0 0 0 0   -1   -1   -1
124  1680   C.2   41.50   10.41   35.42  1.90  -0.03   0.5366   N    0.00    0.00    0.00    0.00    0.00    0.00 0 0 0 0 0   -1   -1   -1
125  1681   O.2   41.60   11.41   36.19  1.66  -0.40  -0.5819   P   41.68   12.20   36.80   -0.95    0.24   -0.18 2 0 2 0 2   -1   -1   -1
126  1682   C.3   43.42   10.86   33.80  1.94   0.01  -0.0303   N    0.00    0.00    0.00    0.00    0.00    0.00 0 0 0 0 0   -1   -1   -1
127  1683   C.2   43.86   11.18   32.38  1.90  -0.03   0.7994   N    0.00    0.00    0.00    0.00    0.00    0.00 0 0 0 0 0   -1   -1   -1
128  1684 O.co2   43.65   12.25   31.84  1.66  -0.88  -0.8014   P   43.48   13.13   31.40    0.92    0.31    0.25 2 0 1 0 2   -1   -1   -1
129  1685 O.co2   44.36   10.28   31.65  1.66  -0.88  -0.8014   P   44.76    9.57   31.07   -0.92   -0.31   -0.25 2 0 2 0 2   -1   -1   -1
130  2320  C.ar   28.66   19.20   35.91  1.85   0.30   0.0118   N    0.00    0.00    0.00    0.00    0.00    0.00 0 0 0 0 0   -1   -1   -1
131  2321  C.ar   28.43   19.31   34.49  1.85   0.34  -0.1256   N    0.00    0.00    0.00    0.00    0.00    0.00 0 0 0 0 0   -1   -1   -1
132  2322  C.ar   28.79   20.40   36.68  1.85   0.34  -0.1256   N    0.00    0.00    0.00    0.00    0.00    0.00 0 0 0 0 0   -1   -1   -1
133  2323  C.ar   28.24   20.60   33.85  1.85   0.34  -0.1704   N    0.00    0.00    0.00    0.00    0.00    0.00 0 0 0 0 0   -1   -1   -1
134  2324  C.ar   28.81   21.63   36.01  1.85   0.34  -0.1704   N    0.00    0.00    0.00    0.00    0.00    0.00 0 0 0 0 0   -1   -1   -1
135  2325  C.ar   28.48   21.70   34.64  1.85   0.34  -0.1072   N    0.00    0.00    0.00    0.00    0.00    0.00 0 0 0 0 0   -1   -1   -1
<End>
