#
# This file is create by LigBuilder/Cavity.
# It stores the parameters for the pocket atoms.
# Creation time: Tue Apr  7 19:57:08 2026
#
# 1st column: ID of the atom
# 2nd column: ID of the atom in the original PDB file
# 3rd column: atom type
# 4th column: X coordinate
# 5th column: Y coordinate
# 6th column: Z coordinate
# 7th column: vdw radius
# 8th column: atomic hydrophobic scale
# 9th column: H-bond character
# 10th column: H-bond root X coordinate
# 11th column: H-bond root Y coordinate
# 12th column: H-bond root Z coordinate
#
<Start>
<Atom_number> 266
  1   322  C.ar   32.40   15.98   35.77  1.85   0.34  -0.2341   N    0.00    0.00    0.00    0.00    0.00    0.00 0 0 0 0 0   -1   -1   -1
  2   323  C.ar   34.08   16.30   37.57  1.85   0.34  -0.2341   N    0.00    0.00    0.00    0.00    0.00    0.00 0 0 0 0 0   -1   -1   -1
  3   324  C.ar   32.78   15.84   37.14  1.85  -0.15   0.3226   N    0.00    0.00    0.00    0.00    0.00    0.00 0 0 0 0 0   -1   -1   -1
  4   325   O.3   31.91   15.36   38.11  1.74   0.08  -0.5579   P   31.28   15.01   38.81   -0.24    0.94    0.24 2 1 2 0 3   -1   -1   -1
  5   355   O.2   35.26   24.26   30.69  1.66  -0.40  -0.5679   P   34.59   25.01   30.70   -0.26   -0.22   -0.94 2 0 2 0 2   -1   -1   -1
  6   359  N.am   35.82   22.10   31.05  1.83  -0.10  -0.4157   P   36.54   21.42   30.89    0.00    0.00    0.00 0 1 0 0 1   -1   -1   -1
  7   360   C.3   34.56   21.62   31.68  1.94  -0.31   0.0188   N    0.00    0.00    0.00    0.00    0.00    0.00 0 0 0 0 0   -1   -1   -1
  8   361   C.2   34.25   22.35   32.96  1.90  -0.03   0.5973   N    0.00    0.00    0.00    0.00    0.00    0.00 0 0 0 0 0   -1   -1   -1
  9   362   O.2   35.18   22.61   33.70  1.66  -0.40  -0.5679   P   35.94   22.82   34.31    0.17    0.84   -0.51 2 0 1 0 2   -1   -1   -1
 10   363   C.3   34.67   20.13   31.86  1.94  -0.01  -0.0462   N    0.00    0.00    0.00    0.00    0.00    0.00 0 0 0 0 0   -1   -1   -1
 11   364  C.ar   33.37   19.61   32.36  1.90  -0.03  -0.0266   N    0.00    0.00    0.00    0.00    0.00    0.00 0 0 0 0 0   -1   -1   -1
 12   365  C.ar   32.42   18.89   31.65  1.90  -0.31   0.1292   N    0.00    0.00    0.00    0.00    0.00    0.00 0 0 0 0 0   -1   -1   -1
 13   366  N.ar   32.97   19.78   33.70  1.87   0.14  -0.3811   P   33.47   20.21   34.45    0.00    0.00    0.00 1 1 0 0 1   -1   -1   -1
 14   367  C.ar   31.77   19.24   33.72  1.90  -0.31   0.2057   N    0.00    0.00    0.00    0.00    0.00    0.00 0 0 0 0 0   -1   -1   -1
 15   368  N.ar   31.44   18.60   32.61  1.87   0.14  -0.5727   P   30.64   18.02   32.48    0.00    0.00    0.00 1 1 0 1 1   -1   -1   -1
 16   376  N.am   33.04   22.80   33.29  1.83   0.08  -0.2548   N    0.00    0.00    0.00    0.00    0.00    0.00 0 0 0 0 0   -1   -1   -1
 17   377   C.3   32.80   23.66   34.48  1.94  -0.31  -0.0266   N    0.00    0.00    0.00    0.00    0.00    0.00 0 0 0 0 0   -1   -1   -1
 18   378   C.2   32.77   22.95   35.79  1.90  -0.03   0.5896   N    0.00    0.00    0.00    0.00    0.00    0.00 0 0 0 0 0   -1   -1   -1
 19   379   O.2   32.49   23.67   36.76  1.66  -0.40  -0.5748   P   32.26   24.25   37.54   -0.96   -0.25   -0.09 2 0 2 0 2   -1   -1   -1
 20   380   C.3   31.50   24.39   34.17  1.94   0.36  -0.0070   N    0.00    0.00    0.00    0.00    0.00    0.00 0 0 0 0 0   -1   -1   -1
 21   381   C.3   31.05   23.94   32.78  1.94   0.36   0.0189   N    0.00    0.00    0.00    0.00    0.00    0.00 0 0 0 0 0   -1   -1   -1
 22   382   C.3   31.84   22.63   32.49  1.94  -0.14   0.0192   N    0.00    0.00    0.00    0.00    0.00    0.00 0 0 0 0 0   -1   -1   -1
 23   390  N.am   33.10   21.63   35.98  1.83  -0.10  -0.4157   P   33.32   21.07   35.18    0.00    0.00    0.00 0 1 0 0 1   -1   -1   -1
 24   391   C.3   33.14   20.98   37.37  1.94  -0.31  -0.0237   N    0.00    0.00    0.00    0.00    0.00    0.00 0 0 0 0 0   -1   -1   -1
 25   394   C.3   32.47   19.63   37.35  1.94   0.36   0.0342   N    0.00    0.00    0.00    0.00    0.00    0.00 0 0 0 0 0   -1   -1   -1
 26   395   C.3   31.91   19.24   38.75  1.94   0.36   0.0018   N    0.00    0.00    0.00    0.00    0.00    0.00 0 0 0 0 0   -1   -1   -1
 27   396   S.3   33.02   18.95   40.11  2.09   0.25  -0.2737   N    0.00    0.00    0.00    0.00    0.00    0.00 0 0 0 0 0   -1   -1   -1
 28   397   C.3   32.16   17.56   40.92  1.94   0.53  -0.0536   N    0.00    0.00    0.00    0.00    0.00    0.00 0 0 0 0 0   -1   -1   -1
 29   409   C.2   36.32   21.19   40.66  1.90  -0.03   0.7341   N    0.00    0.00    0.00    0.00    0.00    0.00 0 0 0 0 0   -1   -1   -1
 30   410   O.2   36.05   21.82   41.64  1.66  -0.40  -0.5894   P   35.82   22.35   42.46   -0.93   -0.36   -0.02 2 0 1 0 2   -1   -1   -1
 31   429  N.am   36.80   19.95   40.85  1.83   0.08  -0.2548   N    0.00    0.00    0.00    0.00    0.00    0.00 0 0 0 0 0   -1   -1   -1
 32   430   C.3   36.84   19.37   42.22  1.94  -0.31  -0.0266   N    0.00    0.00    0.00    0.00    0.00    0.00 0 0 0 0 0   -1   -1   -1
 33   431   C.2   37.77   20.10   43.21  1.90  -0.03   0.5896   N    0.00    0.00    0.00    0.00    0.00    0.00 0 0 0 0 0   -1   -1   -1
 34   432   O.2   37.56   19.97   44.44  1.66  -0.40  -0.5748   P   37.39   19.87   45.42    0.68   -0.74    0.04 2 0 1 0 2   -1   -1   -1
 35   433   C.3   37.23   17.85   42.05  1.94   0.36  -0.0070   N    0.00    0.00    0.00    0.00    0.00    0.00 0 0 0 0 0   -1   -1   -1
 36   434   C.3   36.76   17.61   40.63  1.94   0.36   0.0189   N    0.00    0.00    0.00    0.00    0.00    0.00 0 0 0 0 0   -1   -1   -1
 37   461   C.3   36.23   23.52   45.16  1.94  -0.31  -0.2637   N    0.00    0.00    0.00    0.00    0.00    0.00 0 0 0 0 0   -1   -1   -1
 38   462   C.2   35.94   22.75   46.50  1.90  -0.03   0.7341   N    0.00    0.00    0.00    0.00    0.00    0.00 0 0 0 0 0   -1   -1   -1
 39   463   O.2   35.47   23.34   47.38  1.66  -0.40  -0.5894   P   35.06   23.85   48.14   -0.91   -0.20   -0.35 2 0 1 0 2   -1   -1   -1
 40   464   C.3   34.90   23.92   44.49  1.94   0.36  -0.0007   N    0.00    0.00    0.00    0.00    0.00    0.00 0 0 0 0 0   -1   -1   -1
 41   465   C.3   33.82   22.80   44.25  1.94   0.36   0.0390   N    0.00    0.00    0.00    0.00    0.00    0.00 0 0 0 0 0   -1   -1   -1
 42   466   C.3   32.98   23.12   43.03  1.94  -0.14   0.0486   N    0.00    0.00    0.00    0.00    0.00    0.00 0 0 0 0 0   -1   -1   -1
 43   467 N.pl3   31.86   22.09   42.91  1.83  -0.10  -0.5295   P   31.66   21.58   43.74    0.00    0.00    0.00 0 1 0 1 1   -1   -1   -1
 44   468 C.cat   31.14   21.79   41.88  1.90   0.00   0.8076   N    0.00    0.00    0.00    0.00    0.00    0.00 0 0 0 0 0   -1   -1   -1
 45   469 N.pl3   31.33   22.41   40.77  1.83  -0.65  -0.8627   P   31.48   22.89   39.91    0.58   -0.75   -0.32 0 2 0 2 2   -1   -1   -1
 46   470 N.pl3   30.19   21.00   42.01  1.83  -0.65  -0.8627   P   29.43   20.36   42.11   -0.58    0.75    0.32 0 2 0 2 2   -1   -1   -1
 47   484  N.am   36.27   21.38   46.42  1.83  -0.10  -0.4157   P   36.56   21.00   45.54    0.00    0.00    0.00 0 1 0 0 1   -1   -1   -1
 48   485   C.3   36.20   20.48   47.63  1.94  -0.31  -0.0597   N    0.00    0.00    0.00    0.00    0.00    0.00 0 0 0 0 0   -1   -1   -1
 49   488   C.3   36.04   19.04   47.33  1.94   0.13   0.1303   N    0.00    0.00    0.00    0.00    0.00    0.00 0 0 0 0 0   -1   -1   -1
 50   489   C.3   34.75   18.80   46.42  1.94   0.36  -0.0430   N    0.00    0.00    0.00    0.00    0.00    0.00 0 0 0 0 0   -1   -1   -1
 51   490   C.3   35.88   18.14   48.56  1.94   0.53  -0.3204   N    0.00    0.00    0.00    0.00    0.00    0.00 0 0 0 0 0   -1   -1   -1
 52   491   C.3   34.80   17.49   45.66  1.94   0.53  -0.0660   N    0.00    0.00    0.00    0.00    0.00    0.00 0 0 0 0 0   -1   -1   -1
 53  1569   O.2   31.81   17.23   24.41  1.66  -0.40  -0.5819   P   31.79   18.16   24.76    0.25    0.35   -0.90 2 0 2 0 2   -1   -1   -1
 54  1583   C.2   28.53   16.37   24.22  1.90  -0.03   0.5973   N    0.00    0.00    0.00    0.00    0.00    0.00 0 0 0 0 0   -1   -1   -1
 55  1584   O.2   27.37   16.77   24.02  1.66  -0.40  -0.5679   P   26.44   17.09   23.86   -0.31   -0.95   -0.07 2 0 2 0 2   -1   -1   -1
 56  1591  N.am   28.97   16.13   25.47  1.83  -0.10  -0.4157   P   29.95   16.10   25.66    0.00    0.00    0.00 0 1 0 0 1   -1   -1   -1
 57  1592   C.3   27.99   15.91   26.55  1.94  -0.31  -0.0389   N    0.00    0.00    0.00    0.00    0.00    0.00 0 0 0 0 0   -1   -1   -1
 58  1593   C.2   28.31   16.73   27.75  1.90  -0.03   0.5973   N    0.00    0.00    0.00    0.00    0.00    0.00 0 0 0 0 0   -1   -1   -1
 59  1594   O.2   29.24   17.52   27.71  1.66  -0.40  -0.5679   P   30.00   18.17   27.68   -0.61    0.70   -0.36 2 0 2 0 2   -1   -1   -1
 60  1595   C.3   28.13   14.39   26.85  1.94  -0.20   0.3654   N    0.00    0.00    0.00    0.00    0.00    0.00 0 0 0 0 0   -1   -1   -1
 61  1597   O.3   29.25   14.19   27.70  1.74  -0.47  -0.6761   P   30.04   14.05   28.30   -0.51   -0.69    0.51 2 1 1 0 3   -1   -1   -1
 62  1605  N.am   27.53   16.58   28.80  1.83  -0.10  -0.5163   P   26.68   16.06   28.71    0.00    0.00    0.00 0 1 0 1 1   -1   -1   -1
 63  1606   C.3   27.87   17.16   30.11  1.94  -0.31   0.0381   N    0.00    0.00    0.00    0.00    0.00    0.00 0 0 0 0 0   -1   -1   -1
 64  1607   C.2   28.77   16.37   31.05  1.90  -0.03   0.5366   N    0.00    0.00    0.00    0.00    0.00    0.00 0 0 0 0 0   -1   -1   -1
 65  1608   O.2   29.26   16.86   32.07  1.66  -0.40  -0.5819   P   29.66   17.26   32.90   -0.68   -0.48    0.56 2 0 1 0 2   -1   -1   -1
 66  1609   C.3   26.48   17.39   30.73  1.94   0.01  -0.0303   N    0.00    0.00    0.00    0.00    0.00    0.00 0 0 0 0 0   -1   -1   -1
 67  1610   C.2   25.50   18.22   30.02  1.90  -0.03   0.7994   N    0.00    0.00    0.00    0.00    0.00    0.00 0 0 0 0 0   -1   -1   -1
 68  1611 O.co2   25.80   18.90   28.99  1.66  -0.88  -0.8014   P   26.04   19.44   28.18   -0.18   -0.80   -0.58 2 0 2 0 2   -1   -1   -1
 69  1612 O.co2   24.32   18.23   30.38  1.66  -0.88  -0.8014   P   23.36   18.24   30.67    0.18    0.80    0.58 2 0 2 0 2   -1   -1   -1
 70  1617  N.am   29.18   15.21   30.56  1.83  -0.10  -0.4157   P   28.87   14.98   29.64    0.00    0.00    0.00 0 1 0 0 1   -1   -1   -1
 71  1618   C.3   30.02   14.26   31.22  1.94  -0.31   0.0213   N    0.00    0.00    0.00    0.00    0.00    0.00 0 0 0 0 0   -1   -1   -1
 72  1619   C.2   31.05   13.63   30.34  1.90  -0.03   0.5973   N    0.00    0.00    0.00    0.00    0.00    0.00 0 0 0 0 0   -1   -1   -1
 73  1628  N.am   32.15   14.37   29.99  1.83   0.08  -0.2548   N    0.00    0.00    0.00    0.00    0.00    0.00 0 0 0 0 0   -1   -1   -1
 74  1633   C.3   33.93   16.02   30.09  1.94   0.36   0.0189   N    0.00    0.00    0.00    0.00    0.00    0.00 0 0 0 0 0   -1   -1   -1
 75  1634   C.3   32.46   15.73   30.36  1.94  -0.14   0.0192   N    0.00    0.00    0.00    0.00    0.00    0.00 0 0 0 0 0   -1   -1   -1
 76  1761  C.ar   34.38   13.73   40.56  1.85   0.34  -0.1704   N    0.00    0.00    0.00    0.00    0.00    0.00 0 0 0 0 0   -1   -1   -1
 77  1762  C.ar   35.95   14.39   42.21  1.85   0.34  -0.1704   N    0.00    0.00    0.00    0.00    0.00    0.00 0 0 0 0 0   -1   -1   -1
 78  1763  C.ar   34.72   14.57   41.61  1.85   0.34  -0.1072   N    0.00    0.00    0.00    0.00    0.00    0.00 0 0 0 0 0   -1   -1   -1
 79  1780  N.am   31.11   12.00   40.89  1.83  -0.65  -0.9407   P   31.30   12.70   41.58   -0.09    0.71   -0.70 0 2 0 2 2   -1   -1   -1
 80  1781   O.2   29.73   10.73   39.77  1.66  -0.40  -0.6086   P   28.79   10.45   39.60    0.09   -0.71    0.70 2 0 0 0 2   -1   -1   -1
 81  1822   C.3   32.30   11.63   45.49  1.94   0.36  -0.1231   N    0.00    0.00    0.00    0.00    0.00    0.00 0 0 0 0 0   -1   -1   -1
 82  1823   S.3   33.81   12.42   44.74  2.09   0.42  -0.3119   P   34.62   12.84   44.34    0.31   -0.90   -0.31 0 1 0 0 3   -1   -1   -1
 83  2097   C.2   30.23   16.77   51.89  1.90  -0.03   0.5973   N    0.00    0.00    0.00    0.00    0.00    0.00 0 0 0 0 0   -1   -1   -1
 84  2098   O.2   29.36   16.76   51.02  1.66  -0.40  -0.5679   P   28.65   16.75   50.31   -0.53    0.67    0.52 2 0 1 0 2   -1   -1   -1
 85  2109  N.am   31.23   17.62   51.82  1.83  -0.10  -0.4157   P   31.96   17.54   52.50    0.00    0.00    0.00 0 1 0 1 1   -1   -1   -1
 86  2110   C.3   31.36   18.69   50.80  1.94  -0.31  -0.0275   N    0.00    0.00    0.00    0.00    0.00    0.00 0 0 0 0 0   -1   -1   -1
 87  2111   C.2   31.88   18.23   49.48  1.90  -0.03   0.5973   N    0.00    0.00    0.00    0.00    0.00    0.00 0 0 0 0 0   -1   -1   -1
 88  2112   O.2   31.62   18.84   48.46  1.66  -0.40  -0.5679   P   31.41   19.34   47.62    0.94    0.34   -0.04 2 0 2 0 2   -1   -1   -1
 89  2113   C.3   32.24   19.82   51.38  1.94  -0.01  -0.0050   N    0.00    0.00    0.00    0.00    0.00    0.00 0 0 0 0 0   -1   -1   -1
 90  2133  N.am   32.34   16.95   49.41  1.83  -0.10  -0.4157   P   32.64   16.50   50.25    0.00    0.00    0.00 0 1 0 1 1   -1   -1   -1
 91  2134   C.3   32.41   16.19   48.12  1.94  -0.31  -0.0249   N    0.00    0.00    0.00    0.00    0.00    0.00 0 0 0 0 0   -1   -1   -1
 92  2135   C.2   31.06   15.77   47.45  1.90  -0.03   0.5973   N    0.00    0.00    0.00    0.00    0.00    0.00 0 0 0 0 0   -1   -1   -1
 93  2136   O.2   31.04   15.42   46.30  1.66  -0.40  -0.5679   P   31.02   15.13   45.34    0.23   -0.93    0.28 2 0 2 0 2   -1   -1   -1
 94  2137   C.3   33.32   14.96   48.25  1.94  -0.14   0.2117   N    0.00    0.00    0.00    0.00    0.00    0.00 0 0 0 0 0   -1   -1   -1
 95  2138   O.3   32.59   13.94   48.91  1.74  -0.47  -0.6546   P   32.07   13.22   49.38   -0.51    0.69    0.51 2 1 1 0 3   -1   -1   -1
 96  2144  N.am   29.96   15.74   48.26  1.83  -0.10  -0.4157   P   29.98   16.28   49.10    0.00    0.00    0.00 0 1 0 0 1   -1   -1   -1
 97  2145   C.3   28.72   14.94   47.97  1.94  -0.30  -0.0252   N    0.00    0.00    0.00    0.00    0.00    0.00 0 0 0 0 0   -1   -1   -1
 98  2146   C.2   27.62   15.91   47.41  1.90  -0.03   0.5973   N    0.00    0.00    0.00    0.00    0.00    0.00 0 0 0 0 0   -1   -1   -1
 99  2147   O.2   27.71   17.09   47.72  1.66  -0.40  -0.5679   P   27.78   18.05   47.97    0.55    0.17   -0.82 2 0 1 0 2   -1   -1   -1
100  2151  N.am   26.67   15.33   46.65  1.83  -0.10  -0.4157   P   26.69   14.34   46.53    0.00    0.00    0.00 0 1 0 0 1   -1   -1   -1
101  2152   C.3   25.62   16.08   46.00  1.94  -0.30  -0.0252   N    0.00    0.00    0.00    0.00    0.00    0.00 0 0 0 0 0   -1   -1   -1
102  2153   C.2   25.59   16.01   44.45  1.90  -0.03   0.5973   N    0.00    0.00    0.00    0.00    0.00    0.00 0 0 0 0 0   -1   -1   -1
103  2154   O.2   25.78   17.01   43.79  1.66  -0.40  -0.5679   P   25.94   17.83   43.25    0.98   -0.19   -0.01 2 0 2 0 2   -1   -1   -1
104  2158  N.am   25.35   14.79   43.98  1.83  -0.10  -0.4157   P   25.13   14.10   44.67    0.00    0.00    0.00 0 1 0 1 1   -1   -1   -1
105  2159   C.3   25.36   14.32   42.58  1.94  -0.31  -0.0518   N    0.00    0.00    0.00    0.00    0.00    0.00 0 0 0 0 0   -1   -1   -1
106  2160   C.2   24.01   13.80   42.19  1.90  -0.03   0.5973   N    0.00    0.00    0.00    0.00    0.00    0.00 0 0 0 0 0   -1   -1   -1
107  2161   O.2   23.81   12.71   41.69  1.66  -0.40  -0.5679   P   23.65   11.81   41.28   -0.12   -0.40    0.91 2 0 1 0 2   -1   -1   -1
108  2162   C.3   26.43   13.20   42.49  1.94   0.36  -0.1102   N    0.00    0.00    0.00    0.00    0.00    0.00 0 0 0 0 0   -1   -1   -1
109  2163   C.3   27.83   13.68   42.88  1.94   0.13   0.3531   N    0.00    0.00    0.00    0.00    0.00    0.00 0 0 0 0 0   -1   -1   -1
110  2164   C.3   28.68   12.51   43.28  1.94   0.53  -0.4121   N    0.00    0.00    0.00    0.00    0.00    0.00 0 0 0 0 0   -1   -1   -1
111  2165   C.3   28.52   14.35   41.66  1.94   0.53  -0.4121   N    0.00    0.00    0.00    0.00    0.00    0.00 0 0 0 0 0   -1   -1   -1
112  2177  N.am   23.05   14.70   42.46  1.83  -0.10  -0.4157   P   23.34   15.63   42.66    0.00    0.00    0.00 0 1 0 1 1   -1   -1   -1
113  2178   C.3   21.62   14.43   42.48  1.94  -0.31   0.0188   N    0.00    0.00    0.00    0.00    0.00    0.00 0 0 0 0 0   -1   -1   -1
114  2179   C.2   21.03   14.07   41.11  1.90  -0.03   0.5973   N    0.00    0.00    0.00    0.00    0.00    0.00 0 0 0 0 0   -1   -1   -1
115  2181   C.3   20.93   15.51   43.14  1.94  -0.01  -0.0462   N    0.00    0.00    0.00    0.00    0.00    0.00 0 0 0 0 0   -1   -1   -1
116  2182  C.ar   20.93   16.88   42.53  1.90  -0.03  -0.0266   N    0.00    0.00    0.00    0.00    0.00    0.00 0 0 0 0 0   -1   -1   -1
117  2183  C.ar   21.85   17.35   41.63  1.90  -0.31   0.1292   N    0.00    0.00    0.00    0.00    0.00    0.00 0 0 0 0 0   -1   -1   -1
118  2184  N.ar   19.95   17.88   42.59  1.87   0.14  -0.3811   P   19.11   17.82   43.12    0.00    0.00    0.00 1 1 0 0 1  119   -1  117
119  2185  C.ar   20.30   18.89   41.85  1.90  -0.31   0.2057   N    0.00    0.00    0.00    0.00    0.00    0.00 0 0 0 0 0   -1   -1   -1
120  2186  N.ar   21.46   18.61   41.21  1.87   0.14  -0.5727   P   21.94   19.20   40.56    0.00    0.00    0.00 1 1 1 1 1  117   -1  119
121  2195  N.am   21.67   14.43   39.94  1.83  -0.10  -0.4157   P   22.54   14.92   40.03    0.00    0.00    0.00 0 1 0 1 1   -1   -1   -1
122  2196   C.3   21.20   14.16   38.56  1.94  -0.31   0.0188   N    0.00    0.00    0.00    0.00    0.00    0.00 0 0 0 0 0   -1   -1   -1
123  2199   C.3   21.74   15.28   37.58  1.94  -0.01  -0.0462   N    0.00    0.00    0.00    0.00    0.00    0.00 0 0 0 0 0   -1   -1   -1
124  2200  C.ar   21.36   16.69   38.03  1.90  -0.03  -0.0266   N    0.00    0.00    0.00    0.00    0.00    0.00 0 0 0 0 0   -1   -1   -1
125  2201  C.ar   22.17   17.82   38.10  1.90  -0.31   0.1292   N    0.00    0.00    0.00    0.00    0.00    0.00 0 0 0 0 0   -1   -1   -1
126  2202  N.ar   20.05   17.08   37.99  1.87   0.14  -0.3811   P   19.26   16.47   37.93    0.00    0.00    0.00 1 1 0 0 1   -1   -1   -1
127  2203  C.ar   20.02   18.43   38.05  1.90  -0.31   0.2057   N    0.00    0.00    0.00    0.00    0.00    0.00 0 0 0 0 0   -1   -1   -1
128  2204  N.ar   21.27   18.88   38.14  1.87   0.14  -0.5727   P   21.53   19.84   38.22    0.00    0.00    0.00 1 1 1 1 1  125   -1  127
129  2298   C.3   23.81   13.77   33.28  1.94  -0.31  -0.0249   N    0.00    0.00    0.00    0.00    0.00    0.00 0 0 0 0 0   -1   -1   -1
130  2299   C.2   24.20   14.91   34.31  1.90  -0.03   0.5973   N    0.00    0.00    0.00    0.00    0.00    0.00 0 0 0 0 0   -1   -1   -1
131  2300   O.2   24.19   14.68   35.51  1.66  -0.40  -0.5679   P   24.18   14.49   36.49    0.96   -0.29   -0.05 2 0 1 0 2   -1   -1   -1
132  2302   O.3   21.58   14.91   32.92  1.74  -0.47  -0.6546   P   21.09   15.75   32.69    0.69    0.22   -0.69 2 1 2 1 3   -1   -1   -1
133  2308  N.am   24.55   16.14   33.85  1.83  -0.10  -0.4157   P   24.70   16.24   32.87    0.00    0.00    0.00 0 1 0 1 1   -1   -1   -1
134  2309   C.3   24.72   17.32   34.67  1.94  -0.30  -0.0252   N    0.00    0.00    0.00    0.00    0.00    0.00 0 0 0 0 0   -1   -1   -1
135  2310   C.2   25.79   17.23   35.72  1.90  -0.03   0.5973   N    0.00    0.00    0.00    0.00    0.00    0.00 0 0 0 0 0   -1   -1   -1
136  2311   O.2   25.50   17.44   36.90  1.66  -0.40  -0.5679   P   25.26   17.61   37.86   -0.42   -0.91    0.06 2 0 1 0 2   -1   -1   -1
137  2315  N.am   26.94   16.68   35.39  1.83  -0.10  -0.4157   P   26.94   16.25   34.49    0.00    0.00    0.00 0 1 0 1 1   -1   -1   -1
138  2316   C.3   28.22   16.58   36.11  1.94  -0.31  -0.0024   N    0.00    0.00    0.00    0.00    0.00    0.00 0 0 0 0 0   -1   -1   -1
139  2317   C.2   28.18   15.49   37.17  1.90  -0.03   0.5973   N    0.00    0.00    0.00    0.00    0.00    0.00 0 0 0 0 0   -1   -1   -1
140  2318   O.2   29.20   15.31   37.90  1.66  -0.40  -0.5679   P   30.00   15.17   38.48   -0.38    0.63    0.68 2 0 1 0 2   -1   -1   -1
141  2319   C.3   28.68   17.93   36.70  1.94  -0.01  -0.0343   N    0.00    0.00    0.00    0.00    0.00    0.00 0 0 0 0 0   -1   -1   -1
142  2320  C.ar   28.66   19.20   35.91  1.85   0.30   0.0118   N    0.00    0.00    0.00    0.00    0.00    0.00 0 0 0 0 0   -1   -1   -1
143  2321  C.ar   28.43   19.31   34.49  1.85   0.34  -0.1256   N    0.00    0.00    0.00    0.00    0.00    0.00 0 0 0 0 0   -1   -1   -1
144  2322  C.ar   28.79   20.40   36.68  1.85   0.34  -0.1256   N    0.00    0.00    0.00    0.00    0.00    0.00 0 0 0 0 0   -1   -1   -1
145  2323  C.ar   28.24   20.60   33.85  1.85   0.34  -0.1704   N    0.00    0.00    0.00    0.00    0.00    0.00 0 0 0 0 0   -1   -1   -1
146  2324  C.ar   28.81   21.63   36.01  1.85   0.34  -0.1704   N    0.00    0.00    0.00    0.00    0.00    0.00 0 0 0 0 0   -1   -1   -1
147  2325  C.ar   28.48   21.70   34.64  1.85   0.34  -0.1072   N    0.00    0.00    0.00    0.00    0.00    0.00 0 0 0 0 0   -1   -1   -1
148  2335  N.am   27.07   14.74   37.25  1.83  -0.10  -0.4157   P   26.28   15.07   36.73    0.00    0.00    0.00 0 1 0 0 1   -1   -1   -1
149  2336   C.3   26.86   13.49   38.01  1.94  -0.31   0.0213   N    0.00    0.00    0.00    0.00    0.00    0.00 0 0 0 0 0   -1   -1   -1
150  2337   C.2   26.97   12.20   37.12  1.90  -0.03   0.5973   N    0.00    0.00    0.00    0.00    0.00    0.00 0 0 0 0 0   -1   -1   -1
151  2339   C.3   25.40   13.54   38.57  1.94   0.36  -0.1231   N    0.00    0.00    0.00    0.00    0.00    0.00 0 0 0 0 0   -1   -1   -1
152  2340   S.3   24.92   15.18   39.26  2.09   0.42  -0.3119   P   24.66   16.07   39.63    0.63    0.45   -0.63 0 1 0 0 3   -1   -1   -1
153  2346  N.am   27.62   11.17   37.69  1.83  -0.10  -0.4157   P   28.00   11.31   38.60    0.00    0.00    0.00 0 1 0 0 1   -1   -1   -1
154  2405   C.2   26.68   11.95   46.45  1.90  -0.03   0.7994   N    0.00    0.00    0.00    0.00    0.00    0.00 0 0 0 0 0   -1   -1   -1
155  2406 O.co2   25.97   12.53   45.57  1.66  -0.88  -0.8014   P   25.41   12.99   44.88   -0.83   -0.25    0.50 2 0 0 0 2   -1   -1   -1
156  2407 O.co2   27.10   12.58   47.45  1.66  -0.88  -0.8014   P   27.43   13.08   48.25    0.83    0.25   -0.50 2 0 1 0 2   -1   -1   -1
157  2765   O.2   20.94   24.33   41.87  1.66  -0.40  -0.5819   P   21.46   24.30   41.02   -0.39   -0.90   -0.21 1 0 0 0 2   -1   -1   -1
158  2766   C.3   20.98   22.02   43.82  1.94   0.01  -0.0303   N    0.00    0.00    0.00    0.00    0.00    0.00 0 0 0 0 0   -1   -1   -1
159  2767   C.2   22.07   21.95   42.71  1.90  -0.03   0.7994   N    0.00    0.00    0.00    0.00    0.00    0.00 0 0 0 0 0   -1   -1   -1
160  2768 O.co2   21.73   21.47   41.61  1.66  -0.88  -0.8014   P   21.46   21.09   40.73   -0.19    0.92   -0.34 2 0 2 0 2   -1   -1   -1
161  2769 O.co2   23.27   22.27   42.91  1.66  -0.88  -0.8014   P   24.22   22.52   43.07    0.19   -0.92    0.34 2 0 2 0 2   -1   -1   -1
162  2790  N.am   18.66   23.77   40.36  1.83  -0.10  -0.4157   P   19.46   23.62   40.95    0.00    0.00    0.00 0 1 0 0 1   -1   -1   -1
163  2791   C.3   18.40   22.72   39.40  1.94  -0.31   0.0188   N    0.00    0.00    0.00    0.00    0.00    0.00 0 0 0 0 0   -1   -1   -1
164  2792   C.2   17.62   21.59   40.12  1.90  -0.03   0.5973   N    0.00    0.00    0.00    0.00    0.00    0.00 0 0 0 0 0   -1   -1   -1
165  2793   O.2   18.01   21.12   41.18  1.66  -0.40  -0.5679   P   18.33   20.74   42.05   -0.56    0.67    0.50 2 0 2 0 2   -1   -1   -1
166  2794   C.3   19.70   22.13   38.88  1.94  -0.01  -0.0462   N    0.00    0.00    0.00    0.00    0.00    0.00 0 0 0 0 0   -1   -1   -1
167  2795  C.ar   20.74   23.09   38.36  1.90  -0.03  -0.0266   N    0.00    0.00    0.00    0.00    0.00    0.00 0 0 0 0 0   -1   -1   -1
168  2796  C.ar   20.72   23.56   37.10  1.90  -0.31   0.1292   N    0.00    0.00    0.00    0.00    0.00    0.00 0 0 0 0 0   -1   -1   -1
169  2797  N.ar   21.69   23.73   39.15  1.87   0.14  -0.3811   P   21.87   23.64   40.13    0.00    0.00    0.00 0 1 0 0 1  170   -1  168
170  2798  C.ar   22.30   24.51   38.23  1.90  -0.31   0.2057   N    0.00    0.00    0.00    0.00    0.00    0.00 0 0 0 0 0   -1   -1   -1
171  2799  N.ar   21.73   24.47   37.01  1.87   0.14  -0.5727   P   21.99   25.00   36.20    0.00    0.00    0.00 1 1 0 1 1  168   -1  170
172  3180   C.3   13.56   27.83   30.06  1.94  -0.31   0.0381   N    0.00    0.00    0.00    0.00    0.00    0.00 0 0 0 0 0   -1   -1   -1
173  3181   C.2   14.91   27.71   30.82  1.90  -0.03   0.5366   N    0.00    0.00    0.00    0.00    0.00    0.00 0 0 0 0 0   -1   -1   -1
174  3182   O.2   15.84   28.53   30.71  1.66  -0.40  -0.5819   P   16.59   29.19   30.62   -0.28    0.43    0.86 2 0 2 0 2   -1   -1   -1
175  3183   C.3   13.40   29.35   29.66  1.94   0.01  -0.0303   N    0.00    0.00    0.00    0.00    0.00    0.00 0 0 0 0 0   -1   -1   -1
176  3191  N.am   15.18   26.57   31.48  1.83  -0.10  -0.4157   P   14.47   25.86   31.47    0.00    0.00    0.00 0 1 0 1 1   -1   -1   -1
177  3192   C.3   16.41   26.26   32.22  1.94  -0.31  -0.0014   N    0.00    0.00    0.00    0.00    0.00    0.00 0 0 0 0 0   -1   -1   -1
178  3193   C.2   16.67   24.74   32.32  1.90  -0.03   0.5973   N    0.00    0.00    0.00    0.00    0.00    0.00 0 0 0 0 0   -1   -1   -1
179  3194   O.2   15.76   23.95   32.29  1.66  -0.40  -0.5679   P   15.01   23.29   32.27    0.10   -0.08   -0.99 2 0 2 0 2   -1   -1   -1
180  3195   C.3   16.22   26.79   33.65  1.94  -0.01  -0.0152   N    0.00    0.00    0.00    0.00    0.00    0.00 0 0 0 0 0   -1   -1   -1
181  3196  C.ar   17.48   26.98   34.55  1.85   0.30  -0.0011   N    0.00    0.00    0.00    0.00    0.00    0.00 0 0 0 0 0   -1   -1   -1
182  3197  C.ar   17.55   26.28   35.72  1.85   0.34  -0.1906   N    0.00    0.00    0.00    0.00    0.00    0.00 0 0 0 0 0   -1   -1   -1
183  3198  C.ar   18.37   28.05   34.33  1.85   0.34  -0.1906   N    0.00    0.00    0.00    0.00    0.00    0.00 0 0 0 0 0   -1   -1   -1
184  3199  C.ar   18.56   26.42   36.66  1.85   0.34  -0.2341   N    0.00    0.00    0.00    0.00    0.00    0.00 0 0 0 0 0   -1   -1   -1
185  3200  C.ar   19.50   28.08   35.20  1.85   0.34  -0.2341   N    0.00    0.00    0.00    0.00    0.00    0.00 0 0 0 0 0   -1   -1   -1
186  3201  C.ar   19.58   27.30   36.40  1.85  -0.15   0.3226   N    0.00    0.00    0.00    0.00    0.00    0.00 0 0 0 0 0   -1   -1   -1
187  3202   O.3   20.53   27.41   37.29  1.74   0.08  -0.5579   P   21.26   27.49   37.97    0.66   -0.36   -0.66 2 1 2 0 3   -1   -1   -1
188  3212  N.am   17.93   24.34   32.48  1.83  -0.10  -0.4157   P   18.66   25.02   32.39    0.00    0.00    0.00 0 1 0 1 1   -1   -1   -1
189  3213   C.3   18.32   22.93   32.79  1.94  -0.31  -0.0024   N    0.00    0.00    0.00    0.00    0.00    0.00 0 0 0 0 0   -1   -1   -1
190  3214   C.2   17.74   22.39   34.08  1.90  -0.03   0.5973   N    0.00    0.00    0.00    0.00    0.00    0.00 0 0 0 0 0   -1   -1   -1
191  3215   O.2   17.79   23.14   35.05  1.66  -0.40  -0.5679   P   17.83   23.75   35.84   -0.95    0.26   -0.15 2 0 2 0 2   -1   -1   -1
192  3216   C.3   19.84   22.66   32.67  1.94  -0.01  -0.0343   N    0.00    0.00    0.00    0.00    0.00    0.00 0 0 0 0 0   -1   -1   -1
193  3217  C.ar   20.52   21.24   32.95  1.85   0.30   0.0118   N    0.00    0.00    0.00    0.00    0.00    0.00 0 0 0 0 0   -1   -1   -1
194  3218  C.ar   20.97   20.47   31.79  1.85   0.34  -0.1256   N    0.00    0.00    0.00    0.00    0.00    0.00 0 0 0 0 0   -1   -1   -1
195  3219  C.ar   20.65   20.65   34.22  1.85   0.34  -0.1256   N    0.00    0.00    0.00    0.00    0.00    0.00 0 0 0 0 0   -1   -1   -1
196  3220  C.ar   21.45   19.22   31.89  1.85   0.34  -0.1704   N    0.00    0.00    0.00    0.00    0.00    0.00 0 0 0 0 0   -1   -1   -1
197  3221  C.ar   21.12   19.35   34.32  1.85   0.34  -0.1704   N    0.00    0.00    0.00    0.00    0.00    0.00 0 0 0 0 0   -1   -1   -1
198  3222  C.ar   21.45   18.59   33.17  1.85   0.34  -0.1072   N    0.00    0.00    0.00    0.00    0.00    0.00 0 0 0 0 0   -1   -1   -1
199  3232  N.am   17.37   21.09   34.21  1.83   0.08  -0.2548   N    0.00    0.00    0.00    0.00    0.00    0.00 0 0 0 0 0   -1   -1   -1
200  3233   C.3   17.31   20.03   33.07  1.94  -0.31  -0.0266   N    0.00    0.00    0.00    0.00    0.00    0.00 0 0 0 0 0   -1   -1   -1
201  3234   C.2   16.02   20.17   32.23  1.90  -0.03   0.5896   N    0.00    0.00    0.00    0.00    0.00    0.00 0 0 0 0 0   -1   -1   -1
202  3235   O.2   15.96   19.50   31.19  1.66  -0.40  -0.5748   P   15.91   18.96   30.35   -0.41   -0.76    0.51 2 0 2 0 2   -1   -1   -1
203  3238   C.3   17.11   20.43   35.51  1.94  -0.14   0.0192   N    0.00    0.00    0.00    0.00    0.00    0.00 0 0 0 0 0   -1   -1   -1
204  4050   C.3   22.46   18.42   47.10  1.94  -0.01  -0.0645   N    0.00    0.00    0.00    0.00    0.00    0.00 0 0 0 0 0   -1   -1   -1
205  4051   C.2   22.36   18.34   45.53  1.90  -0.03   0.6951   N    0.00    0.00    0.00    0.00    0.00    0.00 0 0 0 0 0   -1   -1   -1
206  4052  N.am   21.55   19.08   44.82  1.83  -0.65  -0.9407   P   20.93   19.65   44.28    0.69    0.73   -0.02 0 2 0 1 2   -1   -1   -1
207  4053   O.2   23.08   17.64   44.92  1.66  -0.40  -0.6086   P   23.69   17.04   44.40   -0.69   -0.73    0.02 2 0 2 0 2   -1   -1   -1
208  4091   C.3   24.98   27.78   42.09  1.94  -0.31   0.0381   N    0.00    0.00    0.00    0.00    0.00    0.00 0 0 0 0 0   -1   -1   -1
209  4094   C.3   24.95   26.84   40.86  1.94   0.01  -0.0303   N    0.00    0.00    0.00    0.00    0.00    0.00 0 0 0 0 0   -1   -1   -1
210  4095   C.2   24.34   25.44   41.05  1.90  -0.03   0.7994   N    0.00    0.00    0.00    0.00    0.00    0.00 0 0 0 0 0   -1   -1   -1
211  4096 O.co2   23.73   25.13   42.03  1.66  -0.88  -0.8014   P   23.22   24.87   42.85   -0.85    0.30   -0.43 1 0 1 0 2   -1   -1   -1
212  4097 O.co2   24.54   24.65   40.10  1.66  -0.88  -0.8014   P   24.70   24.02   39.34    0.85   -0.30    0.43 1 0 1 0 2   -1   -1   -1
213  4168   O.2   26.25   32.16   34.40  1.66  -0.40  -0.5894   P   25.92   32.79   33.70    0.53   -0.49   -0.69 2 0 2 0 2   -1   -1   -1
214  4171   C.3   30.17   30.53   33.43  1.94  -0.14   0.0486   N    0.00    0.00    0.00    0.00    0.00    0.00 0 0 0 0 0   -1   -1   -1
215  4172 N.pl3   31.40   29.77   33.90  1.83  -0.10  -0.5295   P   31.75   30.04   34.80    0.00    0.00    0.00 0 1 0 1 1   -1   -1   -1
216  4173 C.cat   32.06   28.82   33.30  1.90   0.00   0.8076   N    0.00    0.00    0.00    0.00    0.00    0.00 0 0 0 0 0   -1   -1   -1
217  4174 N.pl3   31.53   28.14   32.34  1.83  -0.65  -0.8627   P   31.12   27.61   31.60    0.57    0.49   -0.66 0 2 0 2 2   -1   -1   -1
218  4175 N.pl3   33.16   28.29   33.85  1.83  -0.65  -0.8627   P   33.98   27.89   34.26   -0.57   -0.49    0.66 0 2 0 2 2   -1   -1   -1
219  4189  N.am   26.09   30.18   35.68  1.83  -0.10  -0.4157   P   26.53   29.65   36.41    0.00    0.00    0.00 0 1 0 1 1   -1   -1   -1
220  4190   C.3   24.83   29.66   35.06  1.94  -0.31  -0.0518   N    0.00    0.00    0.00    0.00    0.00    0.00 0 0 0 0 0   -1   -1   -1
221  4191   C.2   23.75   29.50   36.15  1.90  -0.03   0.5973   N    0.00    0.00    0.00    0.00    0.00    0.00 0 0 0 0 0   -1   -1   -1
222  4192   O.2   22.95   28.56   36.09  1.66  -0.40  -0.5679   P   22.30   27.80   36.04    0.63   -0.57    0.53 2 0 1 0 2   -1   -1   -1
223  4193   C.3   25.11   28.42   34.14  1.94   0.36  -0.1102   N    0.00    0.00    0.00    0.00    0.00    0.00 0 0 0 0 0   -1   -1   -1
224  4194   C.3   26.00   28.91   32.92  1.94   0.13   0.3531   N    0.00    0.00    0.00    0.00    0.00    0.00 0 0 0 0 0   -1   -1   -1
225  4195   C.3   26.88   27.70   32.55  1.94   0.53  -0.4121   N    0.00    0.00    0.00    0.00    0.00    0.00 0 0 0 0 0   -1   -1   -1
226  4196   C.3   25.03   29.26   31.72  1.94   0.53  -0.4121   N    0.00    0.00    0.00    0.00    0.00    0.00 0 0 0 0 0   -1   -1   -1
227  4208  N.am   23.76   30.44   37.14  1.83  -0.10  -0.4157   P   24.47   31.14   37.14    0.00    0.00    0.00 0 1 0 1 1   -1   -1   -1
228  4209   C.3   22.77   30.45   38.18  1.94  -0.30  -0.0252   N    0.00    0.00    0.00    0.00    0.00    0.00 0 0 0 0 0   -1   -1   -1
229  4210   C.2   21.40   31.10   37.75  1.90  -0.03   0.5973   N    0.00    0.00    0.00    0.00    0.00    0.00 0 0 0 0 0   -1   -1   -1
230  4211   O.2   21.28   31.36   36.55  1.66  -0.40  -0.5679   P   21.18   31.57   35.58   -0.27   -0.95   -0.18 2 0 2 0 2   -1   -1   -1
231  4221   C.3   17.97   32.42   35.36  1.94  -0.14   0.0486   N    0.00    0.00    0.00    0.00    0.00    0.00 0 0 0 0 0   -1   -1   -1
232  4640   C.2   26.11   19.14   50.57  1.90  -0.03   0.5973   N    0.00    0.00    0.00    0.00    0.00    0.00 0 0 0 0 0   -1   -1   -1
233  4657  N.am   27.07   19.19   49.67  1.83  -0.10  -0.4157   P   27.67   18.40   49.58    0.00    0.00    0.00 0 1 0 0 1   -1   -1   -1
234  4658   C.3   27.33   20.39   48.74  1.94  -0.30  -0.0252   N    0.00    0.00    0.00    0.00    0.00    0.00 0 0 0 0 0   -1   -1   -1
235  4659   C.2   26.52   20.46   47.44  1.90  -0.03   0.5973   N    0.00    0.00    0.00    0.00    0.00    0.00 0 0 0 0 0   -1   -1   -1
236  4660   O.2   25.30   20.46   47.51  1.66  -0.40  -0.5679   P   24.30   20.46   47.57   -0.01    0.98   -0.20 2 0 2 0 2   -1   -1   -1
237  4664  N.am   27.20   20.24   46.32  1.83  -0.10  -0.4157   P   28.18   20.04   46.35    0.00    0.00    0.00 0 1 0 1 1   -1   -1   -1
238  4665   C.3   26.48   20.29   45.03  1.94  -0.30  -0.0252   N    0.00    0.00    0.00    0.00    0.00    0.00 0 0 0 0 0   -1   -1   -1
239  4666   C.2   27.16   21.20   43.93  1.90  -0.03   0.5973   N    0.00    0.00    0.00    0.00    0.00    0.00 0 0 0 0 0   -1   -1   -1
240  4667   O.2   28.30   21.66   44.05  1.66  -0.40  -0.5679   P   29.22   22.03   44.15    0.37   -0.77   -0.52 2 0 2 0 2   -1   -1   -1
241  4671  N.am   26.38   21.52   42.91  1.83  -0.10  -0.4157   P   25.49   21.07   42.82    0.00    0.00    0.00 0 1 0 1 1   -1   -1   -1
242  4672   C.3   26.78   22.52   41.89  1.94  -0.30  -0.0252   N    0.00    0.00    0.00    0.00    0.00    0.00 0 0 0 0 0   -1   -1   -1
243  4673   C.2   27.29   23.92   42.33  1.90  -0.03   0.5973   N    0.00    0.00    0.00    0.00    0.00    0.00 0 0 0 0 0   -1   -1   -1
244  4674   O.2   26.90   24.46   43.40  1.66  -0.40  -0.5679   P   26.59   24.89   44.25    0.75   -0.44    0.50 2 0 0 0 2   -1   -1   -1
245  4678  N.am   28.18   24.52   41.52  1.83  -0.10  -0.4157   P   28.42   24.04   40.68    0.00    0.00    0.00 0 1 0 1 1   -1   -1   -1
246  4679   C.3   28.81   25.75   41.74  1.94  -0.30  -0.0252   N    0.00    0.00    0.00    0.00    0.00    0.00 0 0 0 0 0   -1   -1   -1
247  4680   C.2   30.01   25.94   40.80  1.90  -0.03   0.5973   N    0.00    0.00    0.00    0.00    0.00    0.00 0 0 0 0 0   -1   -1   -1
248  4681   O.2   31.06   25.34   40.89  1.66  -0.40  -0.5679   P   31.93   24.85   40.96   -0.31   -0.65   -0.69 2 0 2 0 2   -1   -1   -1
249  4685  N.am   29.80   26.95   39.95  1.83  -0.10  -0.4157   P   28.93   27.44   40.00    0.00    0.00    0.00 0 1 0 0 1   -1   -1   -1
250  4686   C.3   30.78   27.36   38.96  1.94  -0.31  -0.0014   N    0.00    0.00    0.00    0.00    0.00    0.00 0 0 0 0 0   -1   -1   -1
251  4689   C.3   30.09   27.84   37.75  1.94  -0.01  -0.0152   N    0.00    0.00    0.00    0.00    0.00    0.00 0 0 0 0 0   -1   -1   -1
252  4690  C.ar   28.73   27.07   37.30  1.85   0.30  -0.0011   N    0.00    0.00    0.00    0.00    0.00    0.00 0 0 0 0 0   -1   -1   -1
253  4691  C.ar   28.69   25.92   36.48  1.85   0.34  -0.1906   N    0.00    0.00    0.00    0.00    0.00    0.00 0 0 0 0 0   -1   -1   -1
254  4692  C.ar   27.49   27.62   37.73  1.85   0.34  -0.1906   N    0.00    0.00    0.00    0.00    0.00    0.00 0 0 0 0 0   -1   -1   -1
255  4693  C.ar   27.48   25.44   36.01  1.85   0.34  -0.2341   N    0.00    0.00    0.00    0.00    0.00    0.00 0 0 0 0 0   -1   -1   -1
256  4694  C.ar   26.23   27.02   37.37  1.85   0.34  -0.2341   N    0.00    0.00    0.00    0.00    0.00    0.00 0 0 0 0 0   -1   -1   -1
257  4695  C.ar   26.28   25.86   36.60  1.85  -0.15   0.3226   N    0.00    0.00    0.00    0.00    0.00    0.00 0 0 0 0 0   -1   -1   -1
258  4696   O.3   25.11   25.13   36.36  1.74   0.08  -0.5579   P   24.27   24.61   36.19   -0.53    0.67    0.53 2 1 2 1 3   -1   -1   -1
259  4782   C.3   31.21   25.69   46.40  1.94   0.53  -0.3192   N    0.00    0.00    0.00    0.00    0.00    0.00 0 0 0 0 0   -1   -1   -1
260  4846  C.ar   30.04   23.84   49.26  1.85   0.30   0.1243   N    0.00    0.00    0.00    0.00    0.00    0.00 0 0 0 0 0   -1   -1   -1
261  4847  C.ar   28.82   23.83   48.48  1.85  -0.15   0.1380   N    0.00    0.00    0.00    0.00    0.00    0.00 0 0 0 0 0   -1   -1   -1
262  4848  C.ar   31.10   22.99   48.81  1.85   0.34  -0.2387   N    0.00    0.00    0.00    0.00    0.00    0.00 0 0 0 0 0   -1   -1   -1
263  4850  C.ar   28.74   23.12   47.29  1.85   0.34  -0.2601   N    0.00    0.00    0.00    0.00    0.00    0.00 0 0 0 0 0   -1   -1   -1
264  4851  C.ar   30.90   22.17   47.69  1.85   0.34  -0.1972   N    0.00    0.00    0.00    0.00    0.00    0.00 0 0 0 0 0   -1   -1   -1
265  4852  C.ar   29.78   22.22   46.91  1.85   0.34  -0.1134   N    0.00    0.00    0.00    0.00    0.00    0.00 0 0 0 0 0   -1   -1   -1
266  5924    Zn   22.76   23.28   41.01  1.68  -2.00   2.0000   M    0.00    0.00    0.00    0.00    0.00    0.00 6 2 2 2 0   -1   -1   -1
<End>
